   0.980326 7.38204e-07   0.0196241 6.95422e-07 3.93134e-08 3.52045e-08 5.74842e-06 2.49772e-06 3.93327e-05  3.0213e-07 1.68371e-08 3.57028e-09 2.25221e-08 2.62691e-09 4.55726e-11 6.86885e-12
1.66918e-08    0.999777  5.0844e-05 1.31901e-05 5.06491e-05 3.39029e-05 5.06099e-05  5.9832e-07 7.12419e-06 6.46033e-06 9.32707e-06 7.89481e-10 2.21816e-11 8.05506e-10 1.40418e-09 3.46504e-17
0.000513287   0.0513176    0.947703 8.24395e-07 1.18077e-06 4.07997e-06 8.76749e-05 2.17747e-05 0.000345146 5.59619e-06 1.98813e-07 5.16959e-09 3.93427e-08 5.87216e-09 3.33705e-11 1.71463e-12
   0.996128 2.12744e-09  0.00386814 1.93084e-11 2.73467e-08 1.73023e-08 4.08621e-07 1.78262e-07 2.80211e-06 2.17321e-08     1.2e-09 1.20896e-10 7.55338e-10 8.98619e-11 1.54075e-12 1.09209e-13
   0.999572 5.39862e-12 0.000428192  1.1468e-09 2.92821e-09 7.80873e-10 7.11403e-09 3.04857e-09 4.83643e-08 4.57242e-10 5.72163e-11 5.62914e-13 2.46062e-12 2.97713e-13 2.12001e-14 7.40389e-17
   0.999479 2.76261e-10 0.000520466 1.83024e-10 3.27031e-09  1.0139e-09 1.01106e-08 4.39942e-09 6.97407e-08 9.18295e-10 2.33044e-10 8.05335e-13 4.19621e-12 5.77099e-13 3.69985e-14 1.37166e-16
   0.999933 4.69738e-11 6.65672e-05 8.72905e-11 5.12947e-11 9.12489e-12 1.86882e-10 8.20074e-11 1.28805e-09 1.81232e-11 1.63501e-12 2.05245e-15  1.2124e-14 1.40265e-15 6.14738e-17 7.34106e-20
   0.995391 1.94756e-08  0.00460436 2.78049e-08 2.77934e-08 2.05148e-08 5.54201e-07 2.44561e-07 3.79298e-06 2.95205e-08 1.86722e-09 1.80132e-10 1.13748e-09 1.36034e-10 2.25166e-12 1.82284e-13
   0.991984 5.36445e-08  0.00800408 1.56581e-07 2.04037e-08 2.17702e-08 1.41262e-06 6.19286e-07 9.66532e-06 7.55461e-08 4.17194e-09 6.17645e-10 3.89459e-09 4.59848e-10 8.23811e-12 8.44003e-13
   0.999772 2.81117e-10 0.000227993 2.97745e-10 2.19124e-09  7.0099e-12  2.2479e-09 8.97179e-10 1.42495e-08 1.70855e-10 1.09386e-10 7.16973e-14 4.37449e-13  7.6517e-14 2.49803e-15 9.04326e-18
   0.999712 2.32795e-11 0.000287518 2.79862e-10 7.72233e-10  1.4141e-11 3.43829e-09 1.42956e-09  2.2278e-08 2.77482e-10 1.34029e-10 1.36645e-13 8.27286e-13 1.24301e-13 1.79218e-15 1.83891e-17
   0.992114 3.25574e-08   0.0078745 1.16121e-07 3.16184e-08 2.28056e-08 1.37493e-06 6.03028e-07 9.40869e-06 7.40365e-08 4.08491e-09 5.96395e-10 3.76089e-09 4.44262e-10 7.95311e-12 8.08648e-13
1.14728e-08 0.000234677 8.93484e-08    0.464071     0.53542 1.59944e-05 4.36914e-05 7.27403e-05 1.27512e-05 0.000127872 1.23591e-06 9.51059e-09 3.73796e-09 3.10571e-09  7.7163e-10 1.50116e-13
   0.983438 4.26838e-07   0.0165239 2.16805e-07 3.28815e-08 3.06008e-08 4.44721e-06 1.93303e-06 3.04348e-05 2.34229e-07  1.3062e-08 2.61751e-09  1.6505e-08 1.92627e-09 3.36448e-11 4.78396e-12
   0.974454 8.62415e-07   0.0254727 1.57636e-06 7.63631e-07 4.05411e-08 8.37512e-06 3.63878e-06 5.72968e-05 4.40727e-07 2.46007e-08 5.57876e-09 3.52084e-08 4.10221e-09 7.26974e-11 1.14607e-11
   0.983241 4.17809e-07   0.0167206 2.37765e-07 3.81566e-08 3.06523e-08  4.5272e-06 1.96789e-06  3.0983e-05 2.38491e-07 1.32773e-08 2.67505e-09 1.68688e-08 1.96833e-09 3.44367e-11 4.90788e-12
   0.997548 1.46294e-09  0.00245081 1.51851e-09 2.10782e-09 9.43996e-09 1.83021e-07 7.99956e-08 1.24402e-06  1.0839e-08 7.20735e-10 4.02788e-11 2.50356e-10 2.90584e-11 5.36792e-13  2.7211e-14
   0.982486 4.11703e-07   0.0174726   1.405e-07 8.96963e-08 3.12779e-08 4.83679e-06  2.1013e-06 3.31007e-05 2.54945e-07 1.41745e-08 2.89888e-09 1.82811e-08 2.13302e-09 3.73347e-11 5.39218e-12
1.47871e-05    0.303076   0.0836445   0.0613936    0.551796 5.19514e-10 6.08514e-05 2.63813e-06  1.8055e-06 9.25924e-06 9.43465e-07 3.77178e-10 1.12327e-09 2.09237e-10 2.47588e-11 1.44524e-14
   0.982133  4.4975e-07   0.0178249 1.79392e-07  5.5402e-08 3.21922e-08 4.98319e-06 2.16506e-06 3.41039e-05 2.62444e-07 1.46223e-08 3.00609e-09 1.89564e-08 2.21152e-09 3.85706e-11 5.62458e-12
   0.999415 2.75762e-09 0.000585222  1.0183e-09 2.00379e-09 1.40805e-09 1.26358e-08 5.53093e-09 8.79486e-08 1.01187e-09 2.91491e-10 1.24884e-12 5.92189e-12 7.95509e-13  4.3464e-14 2.36477e-16
   0.998538 5.38233e-10  0.00146107 2.62479e-10 4.52901e-09 7.87462e-09  7.0632e-08 3.08692e-08 4.84786e-07 3.71635e-09 1.28367e-09 1.12859e-11 6.68061e-11 7.79898e-12 2.92353e-13 4.95948e-15
   0.999978 2.63248e-12  2.2371e-05 8.29375e-12 2.41965e-12 2.83422e-12 2.33227e-11 1.45718e-11 1.48397e-10 1.14465e-12 1.44539e-12 7.82798e-17 5.02298e-16 7.81473e-17   9.631e-19 9.67341e-22
   0.986787 2.23396e-07   0.0131866 1.56363e-07 3.56432e-09 2.75678e-08 3.14657e-06 1.36833e-06 2.15337e-05 1.65749e-07 9.23743e-09 1.70912e-09 1.07723e-08 1.26006e-09 2.16818e-11 2.88908e-12
8.04326e-07 0.000546725 0.000396196  0.00169181  0.00236362 0.000584368  0.00920641    0.105396   0.0101297    0.758706    0.110628 6.36854e-05  0.00013727 7.52759e-05 7.37456e-05  9.9286e-09
   0.999987 1.14023e-12 1.29672e-05 5.17896e-12 4.29288e-13 8.65486e-14 1.29269e-11   3.287e-12 5.20734e-11 9.49823e-13 6.11395e-13 1.60174e-17 1.37591e-16 2.44166e-17 3.39132e-19 2.63894e-22
   0.998934 2.38579e-10  0.00106538 7.11825e-09 8.63976e-11 1.84685e-09 3.93684e-08 1.78427e-08 2.70273e-07 2.13992e-09 1.10475e-09 5.04011e-12 2.93068e-11 3.40498e-12 6.15732e-14 1.76856e-15
   0.976373  8.7298e-07   0.0235616 1.90386e-06 5.11271e-07 3.80901e-08 7.49669e-06 3.25961e-06 5.12842e-05 3.94211e-07 2.20665e-08 4.89632e-09 3.09032e-08 3.60132e-09 6.38464e-11 9.87974e-12
   0.985812 4.01125e-07   0.0141577 2.29769e-07 1.23801e-07 2.67199e-08 3.51397e-06 1.52736e-06 2.40396e-05 1.85365e-07 1.03074e-08 1.95812e-09 1.23497e-08  1.4432e-09  2.5313e-11 3.39913e-12
    0.97235 4.23186e-07   0.0275693   1.041e-06 6.82951e-07 4.27902e-08 9.35433e-06 4.06236e-06 6.40231e-05 4.92525e-07 2.75423e-08 6.35336e-09 4.00818e-08  4.6683e-09 8.27965e-11 1.32707e-11
   0.999566 2.03177e-11 0.000433841 1.03526e-09 2.82129e-09 7.46266e-10  7.2471e-09 3.12941e-09 4.94931e-08 5.00159e-10 5.40367e-11 5.60312e-13 2.54775e-12 3.10366e-13 2.42021e-14 7.57868e-17
   0.999991 7.67601e-13 9.35815e-06 2.39317e-14 1.43389e-12 4.85086e-13 4.40862e-12 1.82251e-12 2.68395e-11 1.87398e-12 1.32441e-13 6.60731e-18  4.1893e-17 4.35357e-18 4.47673e-18 5.06003e-23
 1.2407e-12 1.36925e-06 2.37509e-07 4.46354e-09 3.42464e-07   0.0924233    0.681612   0.0200769   0.0374533  0.00743957    0.160991 6.49152e-07  3.6511e-07 5.65869e-07 1.74483e-07 9.18064e-13
   0.999481  3.6148e-10 0.000518828 3.50899e-10 3.17559e-09 1.00037e-09 1.00501e-08 4.37236e-09 6.94059e-08 9.63369e-10 2.75281e-10 8.21043e-13  4.1672e-12 5.83845e-13 3.51183e-14 1.37554e-16
   0.999372  1.6027e-09 0.000627709  2.3825e-10 5.63784e-10 1.47792e-09 1.45104e-08 6.45599e-09 1.00469e-07 1.05636e-09 3.14871e-10 1.55481e-12 7.16333e-12  8.6416e-13 4.90981e-14 2.99264e-16
   0.982809 4.93918e-07   0.0171511 2.02379e-07 8.38311e-08 3.12037e-08 4.70434e-06 2.04419e-06 3.21912e-05 2.47856e-07 1.37674e-08 2.80213e-09 1.76729e-08 2.06233e-09  3.6039e-11 5.18268e-12
2.93198e-06 1.45347e-08    0.999993 5.12709e-10 4.78654e-09 1.67706e-09 5.04931e-07 2.19337e-07  3.4606e-06 2.65399e-08  1.4694e-09  5.7677e-13 3.47909e-12 4.18853e-13 7.63008e-15 1.39782e-18
    0.98128 6.83353e-07   0.0186744 5.31603e-07 4.96942e-08 3.37117e-08 5.34212e-06 2.32125e-06 3.65521e-05 2.80923e-07 1.56586e-08  3.2684e-09 2.06173e-08 2.40529e-09  4.1828e-11 6.20043e-12
1.40988e-10 0.000209609 1.17649e-06 6.83982e-06 4.88187e-07    0.261445    0.532109   0.0103226   0.0643266    0.108145   0.0233402 1.75596e-05 1.79891e-07 4.51488e-05 3.12329e-05 3.42679e-11
    0.99248   7.402e-08   0.0075089 1.53541e-08 3.58174e-11 2.62746e-08 1.27048e-06 5.57229e-07 8.69597e-06 6.80823e-08 3.83997e-09 5.38776e-10 3.39541e-09 4.01573e-10 6.86657e-12 7.12282e-13
 0.00102816 5.05553e-05    0.998152 4.52123e-09 4.73579e-08 2.40164e-07 9.06185e-05 4.01238e-05 0.000632793 4.72512e-06 3.04191e-07 1.64221e-08 1.02074e-07   1.172e-08 4.09237e-10 7.12184e-12
   0.999696 1.06116e-10  0.00030435 6.55125e-10 8.54319e-10 5.23811e-11 3.68429e-09 1.58232e-09  2.4922e-08 2.43891e-10 1.35424e-10 1.70057e-13 9.64301e-13 1.34702e-13 2.00035e-15 2.26833e-17
   0.999519 6.32759e-10 0.000481409 3.06943e-09 1.76697e-09 8.12981e-10 8.73385e-09 3.79107e-09 6.01631e-08 7.10236e-10 2.22998e-10 6.83189e-13  3.3845e-12  4.4546e-13 2.02386e-14 1.04943e-16
2.74917e-10 3.59298e-09 3.73393e-05 1.69462e-07 2.01332e-07    0.129913    0.042178    0.065935    0.714379  0.00686531    0.040662 4.26927e-06 2.36789e-05 1.78323e-06 4.50743e-08 1.94675e-10
   0.996383  1.6468e-08  0.00361416 4.22951e-09 3.03247e-08 1.72385e-08 3.62696e-07 1.59003e-07 2.48754e-06 1.90766e-08 1.09423e-09 1.03584e-10 6.43054e-10 7.69838e-11 1.35862e-12 8.87964e-14
   0.993679 4.78339e-08   0.0063131 1.47935e-08 1.35438e-09 2.45869e-08 9.50793e-07 4.17452e-07 6.50505e-06 5.09161e-08 2.74686e-09 3.68381e-10 2.32375e-09 2.76862e-10  4.5569e-12 4.45279e-13
   0.981164 7.36903e-07   0.0187899 6.24968e-07 7.74519e-08 3.36848e-08 5.39178e-06 2.34276e-06 3.68884e-05 2.83499e-07 1.58218e-08 3.30445e-09 2.08465e-08 2.43224e-09 4.23817e-11 6.28046e-12
   0.990912 7.03526e-08  0.00907341 6.35965e-08 4.71159e-09 2.48222e-08 1.73419e-06  7.5655e-07 1.18688e-05 9.23324e-08 5.15773e-09 8.05148e-10 5.07302e-09 5.96148e-10 1.02598e-11 1.16594e-12
8.54717e-07    0.999174 0.000427311 5.74252e-07 2.95831e-07 0.000123253 0.000192211 1.77832e-06 2.22592e-05  2.2953e-05  3.4083e-05 7.52275e-09 5.31649e-10 1.04545e-08 1.55973e-08 3.38178e-13
   0.966727 2.26097e-07   0.0331706  1.8822e-07 9.05825e-07  5.0879e-08 1.20518e-05 5.23242e-06 8.25173e-05 6.35664e-07 3.52492e-08 8.51624e-09 5.37164e-08  6.2511e-09 1.09967e-10 1.84109e-11
   0.999993 2.59145e-12  7.3635e-06 1.27775e-13  9.9646e-13 3.77436e-13 5.09362e-12  1.7364e-12 1.69669e-11  8.1055e-13 1.49696e-13 4.43327e-18  2.5157e-17  5.8076e-18 3.79688e-18 2.32391e-23
   0.997485 8.59547e-11  0.00251315 1.69976e-09 3.06999e-09 8.19781e-09 1.91553e-07 8.32579e-08 1.30155e-06 1.17457e-08 7.46221e-10 4.27868e-11 2.66219e-10 3.08499e-11 6.50007e-13 2.95613e-14
3.54916e-10 6.06913e-07 5.57082e-08 2.39415e-05 2.20559e-05     0.18787     0.24501    0.413163    0.109738 7.36776e-05   0.0440714 1.60353e-05 6.19878e-06 4.38425e-06 2.44117e-07 2.60292e-12
   0.987497 1.60109e-07   0.0124782 1.67397e-07 1.26579e-08 2.57392e-08 2.88649e-06 1.25553e-06 1.97539e-05 1.52201e-07 8.48496e-09  1.5348e-09 9.67278e-09 1.13205e-09 1.96525e-11  2.5414e-12
   0.988781 1.27325e-07   0.0111982 1.42898e-07 1.03548e-08 2.43562e-08 2.43219e-06 1.05916e-06 1.66492e-05  1.2857e-07 7.20023e-09 1.23839e-09 7.80436e-09 9.12776e-10 1.58743e-11 1.96417e-12
   0.977548 8.51219e-07   0.0223911 1.86372e-06 2.83296e-07 3.72076e-08 6.96782e-06 3.03014e-06 4.76664e-05 3.66163e-07 2.05103e-08 4.49037e-09 2.83385e-08 3.30355e-09 5.83469e-11 8.94778e-12
   0.997609 6.94057e-10  0.00238976 5.06747e-10 2.70996e-09 9.48468e-09 1.74602e-07 7.61318e-08 1.18881e-06 1.06812e-08 6.66798e-10 3.76983e-11 2.34877e-10 2.72701e-11 4.90506e-13 2.51416e-14
   0.975029 9.36012e-07   0.0249003 1.61442e-06 4.93468e-07 4.05437e-08 8.10985e-06 3.52428e-06 5.54831e-05 4.26469e-07 2.37896e-08 5.37235e-09 3.39049e-08 3.95041e-09 6.96423e-11 1.09794e-11
3.12294e-10 3.19974e-07 2.93463e-08    0.225785    0.773858 8.08533e-05 0.000104371 0.000100687  3.6523e-07 5.54884e-05 1.46192e-05 7.00054e-09 7.95376e-11 6.33926e-09 1.43771e-08 3.38914e-14
   0.993303 5.37649e-08  0.00668831 2.22097e-09 2.95108e-09 2.61768e-08 1.04787e-06 4.61252e-07 7.16982e-06 5.63107e-08 3.09042e-09 4.18729e-10 2.63908e-09 3.15105e-10 5.31027e-12 5.21703e-13
   0.995065 2.13774e-08  0.00492944 5.81184e-08 5.01303e-09 2.23714e-08  6.2326e-07 2.75394e-07 4.26612e-06 3.32751e-08 1.80725e-09 2.10596e-10 1.33224e-09 1.58302e-10 2.60566e-12 2.21902e-13
 0.00503234  8.8429e-05    0.992895 3.03584e-06 6.43449e-06 9.95868e-07  0.00024265    0.000103   0.0016139 1.24485e-05 5.78886e-07 9.60973e-08 6.14851e-07 7.19411e-08 1.30389e-09 1.06292e-10
   0.999204 3.11328e-09 0.000796034 4.55888e-09 5.11989e-10 1.41926e-09  2.3123e-08 1.03517e-08 1.57013e-07 1.51639e-09 4.27567e-10 2.84116e-12 1.34892e-11 1.55148e-12  4.5496e-14 6.50467e-16
   0.985859 4.62834e-07   0.0141108 2.37977e-07 1.11451e-07 2.69747e-08 3.49609e-06 1.51974e-06 2.39162e-05 1.84348e-07  1.0251e-08 1.94565e-09 1.22715e-08 1.43408e-09 2.50762e-11 3.37329e-12
    0.98118 7.23233e-07   0.0187736 5.94456e-07 8.30797e-08 3.35617e-08  5.3847e-06 2.33971e-06 3.68405e-05 2.83168e-07 1.57981e-08 3.29927e-09 2.08138e-08 2.42832e-09 4.23397e-11 6.26915e-12
   0.998155 2.35946e-10  0.00184444 7.86901e-09 1.48504e-09 9.22508e-09 1.09155e-07 4.73223e-08  7.4246e-07 6.32403e-09 7.75321e-10 1.97014e-11 1.22558e-10 1.41306e-11 2.52412e-13 1.09945e-14
4.68873e-10 4.20787e-05 4.87959e-08    0.668269     0.33162 1.80888e-06 5.59942e-06 2.96976e-05 3.12068e-06 2.77662e-05 7.94804e-07 5.26406e-10 2.73615e-10 3.64573e-10 6.00592e-12 4.96224e-16
2.15909e-10  1.1723e-05 1.62104e-08    0.205126    0.794605 5.83716e-05 7.74204e-05 6.76773e-05 3.76614e-07 4.28486e-05  1.0063e-05 3.91332e-09 4.45345e-10 3.43071e-09 7.74075e-09  1.8751e-13
3.11792e-08 1.84366e-06 0.000455033 9.05014e-10 1.67127e-08  0.00195628   0.0699726   0.0556568    0.865463  0.00430198  0.00195862 3.50656e-05 0.000180396 1.66979e-05 1.44014e-06 1.00663e-08
 0.00196395 0.000311828    0.996547 2.02357e-07 6.48338e-07 7.83274e-07 0.000146399 6.06949e-05 0.000959802 7.93867e-06  2.8927e-07 3.60428e-08 2.30836e-07 2.73121e-08 5.07992e-10 2.43154e-11
   0.991795 6.48245e-08  0.00819215 1.57335e-07 2.96061e-08 2.32052e-08 1.46813e-06 6.42708e-07 1.00424e-05 7.86887e-08 4.32959e-09 6.48739e-10 4.09138e-09 4.83229e-10 8.52348e-12 8.96693e-13
1.55921e-11    0.586201 4.91753e-09    0.412991 0.000616041 2.36328e-05 5.72123e-05 7.52362e-05 1.65359e-06 3.24982e-05  1.5629e-06 5.37751e-10 4.57392e-10 6.85585e-09 9.16568e-10 1.47667e-14
   0.995742 1.58308e-08  0.00425415 3.24058e-09 3.43859e-08 1.99596e-08 4.82997e-07 2.11899e-07 3.30623e-06 2.55677e-08 1.57491e-09 1.49922e-10 9.45725e-10 1.13056e-10 2.01922e-12 1.44327e-13
   0.999226 1.43297e-09 0.000773999 3.31371e-09 4.98963e-10 1.30698e-09 2.16196e-08 9.75858e-09 1.49343e-07 1.32076e-09 5.82343e-10 2.60051e-12 1.26537e-11 1.45876e-12 2.84121e-14 6.14894e-16
    0.99999 9.70118e-12 1.04119e-05 2.00374e-15 5.21994e-13 1.65903e-13 5.82309e-12  2.1535e-12 3.28262e-11 1.49386e-12 4.40462e-13 9.36568e-18 6.01427e-17 6.35624e-18 1.25868e-18 6.88113e-23
8.14436e-13 1.92312e-07  9.5357e-09 1.14864e-08  5.9348e-07   0.0211991 1.40168e-06   0.0458903  0.00399959    0.548327    0.380581   1.128e-07 5.88314e-10   7.376e-09 6.10054e-07 1.05347e-14
 0.00052342 1.59896e-07    0.999007 1.98258e-08 8.74914e-08 1.87968e-07 5.62157e-05  2.4408e-05 0.000384953  2.9515e-06 1.62567e-07 6.28511e-09 3.91852e-08 4.55999e-09 1.30082e-10  1.6798e-12
   0.985594 4.34937e-07   0.0143757  2.3898e-07 9.80962e-08 2.71884e-08 3.59744e-06 1.56396e-06 2.46119e-05 1.89642e-07 1.05503e-08 2.01616e-09 1.27146e-08 1.48569e-09 2.60271e-11 3.51821e-12
9.13822e-07    0.979388 8.88246e-05  0.00386667    0.015763 0.000322976 0.000323236 1.23727e-05 5.79158e-05  9.9445e-05 7.62894e-05 2.26809e-08 2.91254e-10 4.75684e-08 8.30897e-08 6.89885e-13
   0.984734 2.82651e-07   0.0152331 1.18036e-07 7.06629e-08 2.74032e-08 3.93031e-06 1.70808e-06 2.68983e-05 2.07267e-07 1.15525e-08 2.25006e-09 1.41857e-08 1.65638e-09 2.91611e-11 4.00469e-12
 2.7489e-07    0.999472  0.00027109 6.64586e-07 2.15015e-06 7.87452e-05 0.000115029 1.69534e-06 2.20897e-05 1.42082e-05 2.20195e-05 3.94311e-09  6.4704e-11 4.00462e-09 6.85573e-09 1.25329e-13
   0.987466 1.45424e-07   0.0125094 1.61528e-07 1.03793e-08 2.56646e-08 2.89761e-06 1.26054e-06 1.98312e-05 1.52778e-07 8.52888e-09 1.54241e-09 9.72026e-09 1.13745e-09 1.97578e-11  2.5562e-12
   0.987389 1.07926e-07   0.0125865 1.42406e-07 7.62271e-10 2.58323e-08 2.92497e-06 1.27284e-06  2.0022e-05 1.54242e-07 8.60322e-09 1.56123e-09 9.83802e-09 1.15053e-09 1.99748e-11 2.59308e-12
   0.993888  4.1415e-08  0.00610467 1.34659e-08 6.91048e-09 2.40416e-08 8.97972e-07 3.94955e-07 6.14587e-06 4.77449e-08 2.62558e-09 3.41992e-10 2.15761e-09 2.56861e-10 4.21516e-12 4.05478e-13
   0.995246 2.14401e-08   0.0047493 2.57004e-08 5.02503e-09 1.94529e-08 5.84684e-07 2.57909e-07 4.00155e-06 3.12577e-08 1.71886e-09  1.9341e-10 1.22189e-09 1.45871e-10 2.36847e-12 1.99459e-13
1.04723e-07    0.947758 2.83047e-07   0.0404264   0.0108279 0.000268307 0.000506128 8.60903e-06 9.46771e-05 9.77482e-06 9.95625e-05 6.95453e-08 4.24841e-09 2.66628e-08 8.41188e-08 6.41054e-13
   0.996121 3.61658e-09  0.00387524 8.01779e-11 2.41947e-08 1.78903e-08 4.09969e-07 1.79012e-07 2.81099e-06 2.17608e-08 1.20373e-09 1.21406e-10 7.58649e-10 9.03755e-11 1.58143e-12  1.0972e-13
 6.6953e-10 1.55135e-05 3.86029e-09    0.864737    0.134506 6.51973e-05 5.37413e-05 0.000565314 9.24471e-06 4.70807e-06  4.2897e-05 2.46148e-10 9.88623e-09 6.41867e-08  3.4777e-08 1.19788e-13
1.32125e-08 3.52939e-05  5.5718e-09 5.12514e-07  6.6307e-05    0.425228  0.00062875   0.0064849  0.00472351   0.0113622    0.551444 2.83251e-06 9.14947e-07 2.00798e-06 2.06946e-05 2.04315e-11
    0.99583  1.8585e-08  0.00416597  2.2336e-09 3.67848e-08  1.8081e-08 4.65541e-07  2.0383e-07 3.18827e-06 2.45363e-08  1.3981e-09 1.43124e-10 9.00043e-10 1.07607e-10 1.85955e-12 1.35679e-13
4.62336e-09  1.6875e-06 3.74591e-09 0.000120026 5.60481e-05    0.628723     0.10607   0.0755267  0.00538971      0.1792  0.00485454 6.91924e-07 2.64083e-06 2.53513e-05 3.05917e-05 2.46664e-10
2.08439e-12  0.00691844 2.58563e-11    0.855626    0.137454 1.77477e-07 6.72157e-08 1.10734e-06 2.64454e-08 4.51418e-09 1.04501e-07 2.37447e-13 2.19639e-13 2.83828e-13  2.4209e-13 1.25633e-20
 0.00118374    0.994025  0.00153323 0.000741556  0.00076502 0.000575435 0.000830167 1.74585e-06 7.44264e-05 0.000110526 0.000158326 9.42537e-08 1.21321e-08 1.52603e-07 2.52546e-07  3.4583e-12
 0.00125892    0.991306  0.00526073 8.34518e-05 0.000414885 0.000536024 0.000845019 2.05973e-06 3.80651e-05  0.00010975 0.000144202  7.2551e-08 2.61354e-08  1.6318e-07   2.209e-07 8.13077e-12
   0.982976 4.34861e-07   0.0169845 2.84158e-07 5.05142e-08 3.09524e-08 4.63519e-06 2.01523e-06 3.17215e-05 2.44188e-07 1.36172e-08 2.75276e-09 1.73609e-08 2.02534e-09  3.5471e-11 5.07541e-12
3.49206e-11 3.65339e-08 2.28644e-07 8.52211e-08 6.65908e-08 0.000326726 1.71916e-05 0.000538921 0.000148941 7.12495e-05 9.24222e-05   0.0143443    0.214029   0.0586143     0.71175 6.61872e-05
3.86561e-08 1.29186e-06 0.000506262 1.41015e-10 3.08301e-09  0.00479955    0.162393   0.0494485    0.772129   0.0104256 4.56382e-05 2.71673e-05 0.000197614 2.70887e-05 1.44248e-09 1.17247e-08
    0.98994 1.38542e-07   0.0100424 1.81199e-07 6.61755e-09 2.35846e-08 2.04314e-06 8.90808e-07 1.39864e-05 1.08053e-07 6.34235e-09 9.93476e-10 6.25842e-09 7.32553e-10 1.28268e-11  1.5042e-12
   0.999239 8.80419e-10 0.000760422 3.42209e-09 8.66317e-11 1.58884e-09 2.10008e-08 9.38627e-09 1.44614e-07 1.36459e-09 5.30384e-10 2.60827e-12 1.20533e-11 1.39526e-12 3.78255e-14 5.80234e-16
    0.98867 9.22221e-08   0.0113087 1.60256e-07 1.89102e-08 2.38631e-08 2.47041e-06 1.07581e-06  1.6911e-05 1.30683e-07 7.33341e-09 1.26286e-09 7.95943e-09 9.30866e-10 1.63039e-11 2.01137e-12
   0.999206 3.26211e-09 0.000794065  4.8318e-09 6.28136e-10 1.30977e-09 2.30245e-08 1.03237e-08 1.56263e-07  1.5039e-09 4.41271e-10 2.81973e-12 1.33992e-11 1.54118e-12 4.09575e-14 6.44744e-16
    0.99224 4.31918e-08  0.00774827 7.27081e-08 1.24316e-08 2.51939e-08 1.33859e-06 5.87109e-07 9.16027e-06 7.20364e-08 3.98066e-09 5.75928e-10 3.63297e-09 4.29267e-10 7.43282e-12  7.7428e-13
   0.990132 1.37966e-07  0.00985171 6.77675e-08 3.89111e-10 2.49132e-08 1.98091e-06  8.6327e-07 1.35621e-05 1.05146e-07 6.10937e-09 9.55354e-10 6.01616e-09 7.04775e-10 1.23588e-11 1.43473e-12
   0.998423 7.11052e-10  0.00157656 3.42774e-10 1.56501e-08 8.19995e-09 8.18605e-08 3.54398e-08 5.57333e-07 4.39212e-09 1.06107e-09  1.3617e-11 8.14192e-11  9.4176e-12 2.67387e-13 6.48349e-15
   0.991866 5.64093e-08  0.00812145 1.66489e-07 2.25687e-08 2.28309e-08 1.44732e-06 6.34132e-07 9.90028e-06  7.7535e-08  4.2465e-09 6.36868e-10 4.01699e-09 4.74695e-10 8.41138e-12 8.76677e-13
5.39571e-12    0.806839 2.54588e-08   0.0801181    0.112591 0.000173034 8.53217e-05  3.4849e-05 1.01851e-05 0.000121457 2.63947e-05 6.39532e-10 1.00055e-09 1.89993e-08 2.24035e-08 1.59557e-13
8.72009e-10 8.31786e-06 2.68508e-05 1.29317e-06 2.82501e-05   0.0211764    0.579218  0.00880882   0.0194262    0.103482    0.267784 6.07659e-06 1.83271e-05 1.33006e-05 2.41651e-06 4.18262e-10
   0.981856 4.51418e-07   0.0181011 3.11587e-07 5.92821e-08 3.20656e-08 5.09886e-06 2.21595e-06 3.48948e-05 2.68442e-07 1.49749e-08 3.09059e-09 1.94918e-08 2.27357e-09 3.97722e-11 5.80956e-12
1.79494e-08 0.000404998 5.22104e-07   0.0611175    0.937958 9.64841e-05 0.000150404 5.40883e-06 1.36543e-05 0.000251317 2.12967e-06 3.37347e-08 6.03156e-09 6.96474e-10 1.58261e-08  6.2336e-14
3.54967e-05    0.104011  0.00119826    0.023159    0.870355  6.9959e-05 0.000671836 4.19909e-07 0.000102956 0.000395366 6.92758e-07  2.3783e-07 1.05789e-08  5.0609e-09 2.60036e-08 7.35655e-13
   0.997899 3.61335e-09  0.00210016 1.51696e-09 2.49986e-10 9.28189e-09  1.3878e-07  5.9971e-08 9.41135e-07 8.47398e-09  5.0771e-10 2.75029e-11 1.69952e-10  1.9659e-11   3.258e-13 1.67273e-14
2.40739e-09 0.000167544 1.30953e-08    0.057922    0.941458 0.000103965 0.000157075 5.06958e-05 3.45795e-06 0.000125244 1.14224e-05 1.80373e-08 7.22077e-10 4.38353e-09 2.02838e-08 3.10412e-14
   0.999944 1.66164e-10 5.57089e-05 2.01704e-10 2.28026e-11 6.50013e-13 1.35085e-10 5.72424e-11 9.10561e-10 1.26705e-11 2.73124e-12 1.43181e-15 7.21516e-15 9.10425e-16 2.01514e-17 3.57647e-20
   0.999979 1.52446e-12 2.07344e-05 1.94565e-11 1.48062e-11 1.26968e-12 2.54607e-11 1.12652e-11 1.27817e-10 1.25651e-12 1.65497e-12 6.67766e-17 4.47751e-16 4.61185e-17 9.21502e-19 8.32594e-22
   0.979328 7.66191e-07   0.0206183 8.90295e-07 7.49427e-08  3.6361e-08 6.18088e-06 2.68547e-06 4.22905e-05 3.24793e-07 1.81382e-08 3.89463e-09  2.4568e-08  2.8654e-09 4.98905e-11 7.59472e-12
5.46499e-09 0.000174666 3.86897e-08   0.0110496    0.988571 4.30626e-05 6.56186e-05 1.62001e-07 4.18432e-06 9.00014e-05 1.85345e-06 5.36807e-09 8.41531e-10 2.75493e-11 3.33268e-09 1.46095e-14
   0.999981 2.68716e-12 1.86469e-05 2.03678e-11 1.00646e-11 1.85218e-12 1.81802e-11  9.1882e-12 1.04198e-10 7.94083e-13 1.14089e-12 4.62835e-17 3.34925e-16  3.4717e-17 1.38347e-18 6.48903e-22
          1 4.12655e-14 4.08436e-07 8.96194e-14 1.11938e-13 9.35216e-15 2.58365e-14 3.40898e-15 5.25351e-14 1.33643e-14 6.52534e-15 6.64545e-22 6.27371e-21 1.94085e-21 1.73832e-21 2.22918e-28
 6.9463e-05    0.996952  0.00160943 1.35312e-05 9.43418e-06 0.000419014 0.000669782 5.01817e-06 5.64395e-05 8.10433e-05 0.000114483 6.26071e-08 6.93996e-09 1.05967e-07 1.48282e-07 1.92873e-12
2.08165e-07 4.49395e-06  0.00116034 7.58321e-07 9.66508e-06   0.0460124   0.0118318   0.0393665    0.896638  0.00213365   0.0024225 8.08483e-05 0.000315073 2.33787e-05 8.48768e-08 3.71081e-08
   0.975801  1.0438e-06   0.0241308 1.76047e-06 4.22762e-07  3.9834e-08 7.75649e-06 3.37173e-06 5.30616e-05 4.07763e-07 2.27406e-08 5.09725e-09 3.21711e-08 3.74865e-09  6.5963e-11 1.03424e-11
1.26616e-08 4.85214e-05 1.90032e-08   0.0966874    0.902865 6.59696e-05 0.000113334 1.02327e-05 1.21258e-05 0.000196895 7.99233e-07 2.12443e-08  4.2547e-09 6.31622e-10 8.09769e-09 3.49944e-14
1.38589e-06   0.0165262 4.56529e-08    0.011173  0.00490781    0.126257    0.102952    0.383584    0.106693    0.235945   0.0114633  3.0015e-05 1.59867e-05 7.07057e-06 0.000444853 1.20177e-09
 1.4048e-05 1.33886e-07    0.999967 5.99134e-09 5.83445e-08 7.57822e-09 2.30111e-06  1.0003e-06  1.5782e-05 1.20911e-07 6.73416e-09 1.24453e-11 7.09361e-11 8.26461e-12 2.66175e-13 1.28244e-16
   0.983069  4.2513e-07   0.0168923 3.01831e-07 4.08396e-08 3.08087e-08 4.59713e-06 1.99905e-06 3.14622e-05 2.42187e-07 1.34927e-08 2.72551e-09 1.71887e-08 2.00499e-09 3.51286e-11 5.01658e-12
   0.995261 2.43758e-08  0.00473429 3.29645e-08 3.33373e-09 1.90738e-08  5.8156e-07 2.56485e-07 3.97989e-06 3.11105e-08 1.74439e-09 1.92059e-10 1.21272e-09  1.4491e-10 2.35088e-12 1.97715e-13
   0.995348 2.83577e-08  0.00464726 3.16028e-08 1.76293e-08 2.04463e-08 5.63143e-07 2.48179e-07 3.85452e-06 2.99801e-08 1.79304e-09 1.84111e-10 1.16194e-09 1.38845e-10  2.2852e-12 1.87246e-13
   0.985263 3.92186e-07   0.0147051 2.54217e-07 1.09189e-07 2.72222e-08 3.72462e-06 1.61937e-06 2.54843e-05 1.96303e-07 1.09378e-08 2.10499e-09 1.32734e-08 1.55068e-09 2.72359e-11 3.70193e-12
    0.99833 1.94246e-09  0.00166938 2.71365e-09 1.82794e-08  7.4361e-09 9.07162e-08 3.92812e-08 6.18359e-07 4.78893e-09 1.04612e-09 1.54098e-11 9.46453e-11 1.09062e-11 2.87528e-13 7.82702e-15
1.21526e-16 2.93498e-13 8.48155e-11 3.13994e-12 8.93699e-15 2.77585e-08 2.15324e-06 1.42602e-06 1.48314e-05 9.51213e-08 1.40564e-10    0.109261    0.836129   0.0541146 0.000466139 1.06639e-05
   0.996551 8.42715e-09  0.00344666 4.34949e-12 1.05783e-08 1.57447e-08 3.33593e-07 1.45929e-07  2.2874e-06 1.76356e-08 9.90632e-10 9.23342e-11 5.73681e-10 6.84394e-11 1.24166e-12 7.70518e-14
   0.997092 1.50605e-09  0.00290635 1.29675e-09 2.11351e-08 8.48375e-09 2.46613e-07  1.0795e-07 1.68941e-06 1.39607e-08 8.55882e-10 6.08757e-11 3.79836e-10 4.45976e-11 8.60759e-13 4.60679e-14
 0.00498236  0.00146081     0.99157  4.7043e-06 1.79121e-05 8.87885e-08 0.000216788 0.000104371  0.00163086 1.02193e-05   1.251e-06 9.91883e-08 6.08596e-07 6.73017e-08 2.03307e-09 1.04906e-10
6.53421e-05 7.94667e-06    0.999846 1.24957e-08 1.39806e-07 2.93065e-08 9.60698e-06 4.20441e-06 6.63274e-05 5.03294e-07 2.97065e-08 1.95337e-10 1.22686e-09 1.61867e-10 8.43505e-12  9.5568e-15
1.48247e-08 0.000657655 8.00041e-07    0.822897    0.175505 3.25944e-06 4.16246e-05 0.000533975 4.41399e-05 0.000293593 2.23337e-05 6.11151e-08 3.64938e-08  6.9206e-08 1.19143e-09 7.98017e-15
   0.983852 3.82001e-07   0.0161119 1.31692e-07 3.09384e-08 3.01143e-08  4.2803e-06 1.86002e-06 2.92946e-05 2.25578e-07 1.25548e-08 2.49832e-09 1.57517e-08 1.83841e-09 3.20586e-11 4.52928e-12
4.90703e-10   0.0013438 2.43787e-08    0.232812    0.765547 7.30097e-05 7.85115e-05 8.50404e-05  1.2256e-07 4.70807e-05 1.36524e-05 4.46407e-09 3.12372e-10 4.41511e-09 1.09828e-08 1.58114e-13
1.02113e-11 3.49704e-06 3.87423e-08    0.923189   0.0767161 1.04577e-11 1.02064e-06 6.16773e-05 3.66714e-06 2.23354e-05 2.76024e-06  4.9454e-10 4.09539e-10 9.96469e-10  5.9482e-11 1.93548e-17
   0.999275 2.75731e-10 0.000725034 2.65457e-09 1.37893e-11 1.18688e-09  1.9062e-08 8.66722e-09 1.32233e-07  1.4207e-09 3.95515e-10  2.2958e-12 1.06876e-11 1.24807e-12 3.87213e-14 4.99714e-16
   0.999953 1.50134e-10 4.73748e-05 4.16292e-11 3.44959e-12 4.32558e-12 9.54612e-11 4.57362e-11 6.64296e-10 9.89299e-12 1.69591e-12 8.27858e-16 4.74346e-15 6.00983e-16 1.86319e-17  1.7873e-20
   0.991812 5.78028e-08  0.00817551  1.4571e-07   2.839e-08 2.29867e-08 1.46321e-06 6.40783e-07  1.0009e-05 7.84325e-08 4.32031e-09 6.45986e-10 4.07376e-09 4.81374e-10 8.54322e-12 8.92011e-13
   0.998961 4.36971e-10  0.00103825 7.65433e-09 1.43725e-09 1.37305e-09 3.74163e-08 1.70888e-08 2.58196e-07 2.08315e-09  8.9649e-10 4.76162e-12 2.75878e-11 3.17483e-12 7.84237e-14  1.6462e-15
6.63041e-10   0.0713023   7.939e-10    0.723808    0.204848 9.55638e-06 7.16552e-07 2.65171e-05 1.07379e-06 1.76943e-07 4.11896e-06 2.70063e-12 5.00409e-11 1.39833e-10 2.64741e-10 1.73881e-15
1.40224e-08  0.00396626  2.4028e-08     0.71442    0.281257 3.45959e-06 3.31661e-05 0.000166298 1.90004e-05 0.000128413 6.91596e-06 1.27797e-08  6.6413e-09 8.57514e-09 8.85356e-12 1.24982e-13
1.78502e-10 7.67345e-05 3.34588e-06 4.35275e-06 2.99452e-06  0.00636709    0.675585  0.00131491   0.0594957    0.256716 0.000385942  9.8934e-06 1.26256e-06 2.75473e-05 9.19597e-06 7.04776e-11
   0.992771 6.84253e-08  0.00721942 1.55734e-10 4.29082e-09  2.6072e-08 1.19019e-06 5.21726e-07 8.14624e-06 6.39773e-08 3.56067e-09 4.94841e-10 3.11818e-09 3.69539e-10 6.31653e-12 6.41578e-13
4.43736e-09  0.00103473 1.89516e-06   0.0227926    0.975341 0.000149125 0.000289419 8.48583e-08 2.18247e-05 0.000364956 4.24701e-06 8.29622e-08 1.09611e-08 4.89345e-11 3.95897e-08 7.86209e-14
   0.999968 3.04119e-14  3.1902e-05 3.78842e-13 1.53452e-11 9.82783e-12 4.61279e-11 2.48931e-11  3.0036e-10 5.27486e-12 3.50049e-13 2.23063e-16 1.49921e-15  1.9704e-16 2.47741e-17 4.19638e-21
7.26945e-07    0.998263   0.0015396 1.87272e-05 3.33043e-05 4.41179e-05 6.34048e-05 1.09753e-06 1.59248e-05 7.44537e-06 1.25726e-05 1.58492e-09 1.73332e-11 1.18383e-09  2.4514e-09 1.17349e-14
   0.999817  1.8761e-12 0.000182715 3.05357e-12 1.61969e-09  2.1713e-11 1.38058e-09 5.83684e-10 9.23099e-09 7.10715e-11 9.00015e-12 3.56447e-14 2.25572e-13 3.06109e-14 4.00224e-15 3.53585e-18
4.64007e-07 4.99317e-08  0.00184909 8.12744e-07 4.69611e-06 1.96531e-07    0.147067    0.060071    0.788615 2.66148e-05  0.00179792 5.48325e-05 0.000462612 4.71334e-05 2.45423e-06 6.33034e-08
   0.999577 2.27004e-11 0.000422949 9.98055e-10 2.25841e-09 7.11471e-10  6.9385e-09 2.97368e-09 4.72162e-08 4.58155e-10 5.34281e-11 5.41322e-13 2.37646e-12 2.89097e-13 1.94818e-14 7.04284e-17
   0.989869 1.69901e-07    0.010113 1.18563e-07 4.55803e-09 2.43924e-08 2.06635e-06  9.0077e-07  1.4145e-05 1.09224e-07 6.34982e-09 1.00777e-09 6.34854e-09 7.43345e-10 1.29154e-11 1.53024e-12
   0.991882 6.22644e-08  0.00810585 1.42817e-07 2.14931e-08 2.32051e-08 1.44263e-06 6.32207e-07 9.86869e-06 7.72025e-08 4.22772e-09  6.3434e-10 4.00049e-09 4.72755e-10 8.31684e-12 8.72118e-13
    0.99995 2.02333e-10 5.02176e-05 8.09892e-11 1.07197e-12 1.68193e-12 1.07068e-10 4.96833e-11 7.43747e-10 1.00696e-11 2.53799e-12 9.41988e-16 5.58534e-15 6.64806e-16 9.82977e-18 2.31824e-20
   0.992058 4.76212e-08  0.00793046 1.31826e-07  2.5317e-08 2.25273e-08 1.39122e-06 6.10007e-07 9.51982e-06 7.46381e-08 4.11803e-09 6.05684e-10  3.8183e-09 4.51212e-10 8.08387e-12 8.23964e-13
   0.994331 1.52072e-08  0.00566274 2.95938e-09 4.39622e-10 2.52281e-08 7.90217e-07  3.4736e-07 5.41022e-06 4.20084e-08 2.29472e-09 2.89353e-10 1.82355e-09 2.16925e-10 3.56495e-12 3.28769e-13
   0.993983 4.05822e-08   0.0060094  2.0997e-08 9.20367e-09 2.46245e-08 8.74225e-07 3.84213e-07 5.98457e-06 4.63541e-08 2.58032e-09 3.30423e-10  2.0831e-09 2.48019e-10 4.05045e-12 3.87962e-13
   0.999928 9.41333e-11 7.21807e-05 3.40039e-11 6.90492e-11 9.48823e-13 2.21703e-10  9.5549e-11 1.53351e-09 1.46919e-11 3.43385e-12 2.85227e-15 1.64815e-14 1.84614e-15 3.79217e-17  1.1513e-19
   0.998721 1.62611e-10  0.00127816 8.94589e-09 1.57161e-09  4.1274e-09  5.5119e-08 2.46635e-08 3.78074e-07 3.01426e-09 1.12882e-09 7.91338e-12 4.72006e-11 5.46568e-12 2.00643e-13 3.15598e-15
1.08613e-07    0.999542  8.5552e-05 6.70803e-05 1.96762e-05 8.96765e-05 0.000130508 1.44318e-06 2.32061e-05 1.60218e-05 2.51522e-05 4.80168e-09 1.66675e-10 5.02243e-09 8.67348e-09 2.33505e-13
   0.986684  2.5156e-07   0.0132889 1.71942e-07 1.33876e-08 2.72692e-08 3.18458e-06 1.38511e-06  2.1793e-05 1.67828e-07 9.34789e-09 1.73461e-09 1.09345e-08 1.27849e-09 2.20758e-11  2.9409e-12
 0.00378943    0.334205   0.0418199   0.0607041    0.557842 3.05538e-07   0.0013447 4.15317e-05 1.39802e-06 0.000224968 2.60359e-05 1.87224e-07 2.80476e-07 6.20171e-08 4.49471e-11 4.41908e-11
5.94412e-13 3.49057e-06 1.13991e-07    0.135067    0.864907 5.31728e-06 7.13329e-06 4.38896e-06 7.19078e-08 4.80996e-06 7.74632e-07 4.15209e-11  4.8117e-13 2.39728e-11 7.26148e-11 5.33684e-17
   0.993808 3.67352e-08   0.0061843 1.22523e-08 7.98191e-10 2.38333e-08 9.17883e-07 4.03729e-07 6.28217e-06 4.91741e-08 2.66622e-09  3.5194e-10 2.22054e-09  2.6407e-10 4.37243e-12 4.20688e-13
1.29261e-08    0.849594  2.2121e-07    0.144425  0.00526142 0.000203174 0.000305419 4.87732e-05 7.51312e-05 1.61043e-06 8.52917e-05 3.98332e-08 4.90377e-09 4.59342e-09 5.40096e-08 5.61312e-13
   0.996529 1.19949e-08  0.00346811 1.36715e-13 9.22455e-09 1.62647e-08 3.37287e-07 1.47819e-07 2.31301e-06 1.78147e-08 1.00238e-09 9.38236e-11 5.82295e-10 6.97728e-11  1.2514e-12 7.85072e-14
3.33837e-09  0.00234226 7.63946e-08   0.0543583    0.943022 7.30966e-05 8.32628e-05 2.90941e-05 1.45336e-06 8.21634e-05 8.52795e-06 6.49582e-09 8.61522e-10 1.60386e-09 9.16285e-09 2.54764e-13
3.61919e-07   0.0327617 7.08793e-07    0.426139    0.539873 0.000155443 8.81327e-05 0.000311257 3.06621e-05 0.000638606 6.55542e-08 1.16487e-07 4.87688e-08  7.2794e-08 3.31309e-08 2.52147e-13
   0.988771  1.2933e-07   0.0112087 1.38658e-07 1.01674e-08 2.46036e-08 2.43584e-06 1.06068e-06 1.66742e-05 1.28755e-07 7.21692e-09 1.24074e-09 7.81902e-09 9.14538e-10 1.58738e-11 1.96854e-12
1.25253e-06    0.998825 0.000838166 5.23832e-06 2.09434e-06 0.000101696 0.000145271 2.33594e-06 3.25515e-05 1.79579e-05 2.86286e-05 6.53817e-09 2.10003e-10 6.25984e-09 1.12041e-08 2.83985e-13
2.22564e-08   0.0023478 1.02462e-06    0.766813    0.230106 4.54105e-06 5.08483e-05  0.00037648 3.72257e-05  0.00024767 1.58828e-05 4.47685e-08   2.377e-08 3.79739e-08 2.72474e-10  2.2698e-14
   0.998492 1.53839e-10   0.0015075 1.11527e-11 8.98874e-09 7.52054e-09 7.48565e-08 3.29333e-08 5.13269e-07 3.93857e-09 8.59623e-10 1.20871e-11 7.24403e-11 8.41582e-12 3.54546e-13  5.5222e-15
  0.0188954    0.097077    0.619627    0.025828    0.235774 4.39461e-06 2.13068e-07 8.00381e-05  0.00250765 0.000193082   1.159e-05 5.47811e-07  1.0345e-06  1.0704e-07 1.30447e-09 3.85906e-10
1.64178e-11    0.198145 1.60582e-09    0.800353  0.00148332 3.93653e-07 2.08995e-06 1.28066e-05 2.80562e-08 3.44456e-06 5.99699e-08 1.67451e-11  1.2221e-11 7.46088e-11 1.31401e-12 9.92383e-17
5.79758e-07    0.998594 9.16512e-05 1.17364e-05 0.000579698 0.000215499 0.000357505 3.78646e-06 4.79936e-05 3.60362e-05 6.12596e-05 2.57683e-08 6.53689e-10  3.1197e-08 4.65131e-08 4.74751e-13
1.25615e-05    0.997319  0.00163098 8.99543e-05 0.000147395 0.000241945 0.000353547 5.67375e-06 8.99792e-05 3.91421e-05 6.96802e-05  3.6765e-08 6.18933e-10 3.05675e-08  5.8695e-08 8.42311e-13
1.89089e-07   0.0666775 9.21959e-07    0.224685    0.707174  0.00032757 0.000121043 0.000166761 2.12126e-05 0.000817572 7.27537e-06 1.51987e-07 5.13403e-08 6.17371e-08  1.0593e-07 3.64778e-13
   0.999042 4.65443e-09 0.000958077 5.50894e-09 1.72032e-09 1.52227e-09 3.22421e-08  1.4667e-08 2.22747e-07 1.70369e-09 5.09362e-10 4.06508e-12 2.23962e-11 2.55697e-12 4.54245e-14 1.26475e-15
   0.989979 1.22856e-07   0.0100034 1.89404e-07 1.92778e-10 2.33953e-08 2.03025e-06 8.85457e-07 1.38994e-05 1.07386e-07 6.38024e-09 9.85674e-10 6.20902e-09 7.26803e-10 1.28559e-11 1.48992e-12
2.14788e-16 1.87729e-08 4.47795e-13 4.80865e-08 1.18906e-07    0.244335    0.129011    0.173804 2.47807e-06  0.00469832    0.448148 6.03738e-08 3.27465e-11 7.76323e-08 3.90769e-08 5.71183e-14
   0.992954  4.1539e-08  0.00703656 1.47974e-08 3.06924e-09 2.67824e-08 1.14013e-06 5.00242e-07  7.8056e-06 6.12683e-08 3.44536e-09 4.68452e-10 2.94858e-09 3.50303e-10 5.95328e-12 5.98808e-13
    0.99987 8.90155e-11 0.000129994 9.57002e-14 1.91165e-09 1.36836e-10 7.30502e-10 3.65412e-10 4.74778e-09 4.77422e-11 1.02751e-11   1.348e-14 8.57026e-14 9.72798e-15 2.65871e-15 9.52011e-19
1.30477e-06     0.98476 5.33604e-05  0.00426474  0.00976455 0.000307979 0.000629202 7.61151e-07 9.08371e-05 2.72214e-05 0.000100219 7.97833e-08 3.08466e-09 6.16356e-08 1.01014e-07 6.18736e-13
 1.3021e-05    0.996179    0.001274 7.20249e-05  0.00156611 0.000260767 0.000472736 3.05479e-06 4.30402e-05 4.13055e-05 7.49604e-05 3.58986e-08 3.45811e-09 4.95618e-08 6.67277e-08 8.71573e-13
4.74087e-09  0.00172996 2.84995e-06   0.0146569     0.98256 0.000189294 0.000379269   3.441e-07 2.68958e-05 0.000448316 5.98915e-06 1.26998e-07 1.55303e-08 4.48278e-10 6.24627e-08 1.22053e-13
 0.00172016 1.22543e-07    0.997197 9.59008e-10 4.60647e-08 4.30332e-07 0.000129723 5.63422e-05 0.000888851 6.81431e-06 3.77358e-07 3.11787e-08 1.97243e-07 2.28173e-08 4.97586e-10 1.92014e-11
   0.998014 5.46931e-09   0.0019853 1.45133e-09 5.03157e-10 9.80172e-09 1.24764e-07 5.41816e-08  8.4931e-07 7.66916e-09  5.0136e-10 2.36535e-11 1.47509e-10 1.70845e-11 2.92126e-13 1.39565e-14
2.33412e-12    0.743234 3.84565e-09    0.209362   0.0468962  0.00021047 9.70622e-05 6.92971e-05 4.06569e-05 1.81238e-05 7.18994e-05 8.82931e-09 1.82057e-09 3.79241e-10 4.25805e-08 2.77141e-13
          1 2.91113e-15 5.75377e-08 2.05981e-17 1.42163e-15 4.14491e-17  5.3176e-16 2.38466e-16 1.17489e-15 3.21652e-17 6.01529e-16 7.15516e-24 2.75581e-23 6.49803e-24 8.07504e-24 2.36462e-31
   0.990715 1.08369e-07  0.00926977 1.02777e-07 2.19117e-08 2.47483e-08  1.7957e-06 7.84203e-07 1.22882e-05 9.55885e-08   5.363e-09 8.41597e-10 5.30442e-09 6.23137e-10 1.08247e-11 1.23075e-12
   0.999636 4.41803e-10  0.00036371  4.7041e-10 2.07364e-09 2.20742e-10  5.1322e-09 2.24332e-09 3.54088e-08 3.04272e-10 5.01653e-11 3.48321e-13 1.58209e-12 1.90598e-13 3.65495e-15 4.32493e-17
   0.989412 1.47214e-07   0.0105694 2.09855e-07 6.13788e-10 2.41471e-08 2.21793e-06 9.67633e-07 1.51828e-05 1.16935e-07 6.82898e-09  1.1026e-09 6.94655e-09  8.1331e-10 1.42117e-11  1.7057e-12
   0.995655 2.66628e-08    0.004341 1.24355e-08  3.7669e-08 2.04324e-08 5.00371e-07 2.20019e-07  3.4244e-06 2.64135e-08 1.81698e-09 1.57137e-10 9.91711e-10 1.18717e-10 2.14083e-12 1.53158e-13
  0.0524555   0.0723562     0.87124 1.16892e-05 2.78543e-05 2.03629e-05 0.000210152 0.000222449  0.00343044 5.32978e-06  1.7119e-05 4.50736e-07 2.22477e-06 1.78804e-07 3.14666e-08 7.80826e-10
1.91084e-09     0.12632 4.66184e-09    0.166656    0.706901 5.11539e-05 9.00254e-06 2.37124e-05 4.01379e-07 2.77993e-05 1.01428e-05  3.5188e-10 1.84514e-10 2.14459e-10 2.91693e-09 2.47235e-14
   0.991246 8.59462e-08  0.00874007 7.46403e-08 6.37039e-10 2.34102e-08 1.63136e-06 7.12849e-07 1.11657e-05 8.69542e-08 4.85426e-09 7.44475e-10 4.69107e-09 5.51443e-10 9.70947e-12 1.05994e-12
   0.995645 2.73585e-08  0.00435109 1.60765e-08 4.04917e-08 2.06073e-08 5.02389e-07 2.20918e-07 3.43799e-06 2.65578e-08 1.83881e-09 1.57862e-10 9.97385e-10 1.19142e-10 2.16163e-12 1.54255e-13
2.82391e-07 5.89636e-08  0.00143991 1.33179e-07 7.15243e-07 0.000894059    0.144117    0.059466    0.786705  0.00647303 0.000411865  5.3599e-05 0.000393332 4.43866e-05  9.7052e-07 4.71143e-08
3.56401e-10 0.000166277 3.81134e-06 2.86749e-07 7.26864e-08    0.408202    0.371891  0.00721385    0.108166   0.0246058    0.079666 2.39842e-05  5.4265e-07 1.72424e-05 4.28146e-05 8.85782e-11
   0.991016 4.51126e-08  0.00896954 7.13845e-08  3.4513e-09 2.43466e-08 1.70187e-06 7.42778e-07 1.16485e-05 9.06512e-08 5.10217e-09 7.86156e-10 4.95256e-09 5.82214e-10 1.00884e-11 1.13239e-12
3.89945e-16 1.98826e-09 5.23685e-09 8.49566e-10 2.86465e-08    0.642464    0.103821  0.00703033    0.100045    0.141995  0.00464428 1.85739e-08 2.51933e-10  2.3078e-09 1.50951e-08 4.84718e-15
   0.994695 6.50485e-09  0.00529939  9.2255e-09 1.30132e-08 2.35747e-08 7.05607e-07 3.09974e-07 4.83162e-06 3.74145e-08 2.04633e-09 2.49072e-10 1.56976e-09 1.86906e-10 3.06883e-12 2.72558e-13
   0.999984 5.29114e-13 1.57977e-05 1.49751e-11 3.51911e-12 1.77894e-13 1.51111e-11 5.17908e-12 7.56835e-11 8.93268e-13 2.24612e-12 2.80713e-17  2.1995e-16 2.20075e-17 1.35763e-18 3.95323e-22
   0.985538 3.67264e-07   0.0144316 2.30884e-07 1.23276e-07 2.68067e-08 3.61873e-06  1.5732e-06 2.47595e-05 1.90834e-07 1.06336e-08 2.03128e-09 1.28087e-08  1.4965e-09  2.6304e-11 3.54935e-12
2.15205e-10  1.2524e-08 3.60719e-05  6.5534e-09 2.20753e-08 0.000308573    0.151777   0.0567968    0.788403  0.00264122 7.76452e-06 3.01041e-06 2.34973e-05  2.7054e-06 3.81294e-08 1.51088e-10
3.69493e-08 4.13645e-09  0.00049682 6.46821e-08 5.78537e-07 0.000151404    0.142054   0.0573276    0.797884  0.00149242 0.000344144 2.62071e-05 0.000199789 2.17131e-05 8.10003e-07 1.13955e-08
 4.1153e-13 1.42432e-08 5.07204e-09    0.495396      0.5046 7.14725e-07 8.08405e-07 1.98924e-06 3.30504e-09 1.75454e-07 2.10015e-07 3.60959e-13 1.38109e-13 3.18296e-12  2.1445e-12 4.03114e-19
   0.988559 1.14901e-07   0.0114202 2.09454e-07 8.29766e-09 2.47325e-08 2.50943e-06 1.09268e-06  1.7177e-05 1.32522e-07 7.47101e-09 1.28795e-09 8.11733e-09 9.49741e-10 1.65176e-11 2.05909e-12
   0.996406  1.3887e-08  0.00359071 2.75018e-09 2.16808e-08 1.67614e-08 3.58588e-07 1.57053e-07 2.45947e-06 1.88748e-08 1.08168e-09 1.02301e-10 6.33026e-10 7.55735e-11  1.3162e-12 8.71899e-14
4.92329e-12    0.999978  4.9654e-08 3.41374e-06 1.30074e-05 1.60211e-06 2.44303e-06 2.81668e-08 3.78453e-07 2.86741e-07 4.48438e-07 1.59661e-12 6.00278e-13 3.83952e-12 3.49135e-12 2.97068e-18
   0.999598 1.08973e-10  0.00040227 6.40679e-10 1.21928e-09 3.15731e-10 6.37172e-09 2.71169e-09 4.28361e-08 5.18249e-10 6.46558e-11 4.95017e-13 2.06275e-12 2.45766e-13 9.57112e-15 5.66628e-17
6.68499e-10 8.52988e-08 4.86772e-07 9.79725e-06 1.74721e-06    0.395746  0.00843522 3.46463e-05  0.00836824    0.382976    0.204423 1.03741e-06 2.00658e-06 2.10513e-06 3.05782e-09 2.17469e-10
   0.995938 1.47739e-08   0.0040585 4.85907e-09 2.19896e-08 1.85603e-08 4.44635e-07 1.94523e-07  3.0468e-06 2.34334e-08  1.3218e-09 1.35021e-10 8.46324e-10 1.01062e-10 1.79988e-12 1.25602e-13
   0.986509 2.54223e-07   0.0134634 1.70746e-07  6.0847e-08 2.63282e-08 3.24982e-06 1.41332e-06 2.22389e-05  1.7144e-07 9.57709e-09 1.77858e-09 1.12133e-08 1.31059e-09 2.28714e-11 3.03065e-12
3.49424e-12 4.63347e-06 2.49762e-08 8.47106e-05 7.38581e-08    0.112642 2.32858e-05    0.474979    0.020714    0.163146    0.228356 8.21108e-06 7.51337e-06 2.12291e-05  1.4309e-05 2.60179e-11
  0.0121445  0.00379848    0.981203 9.72816e-07 6.58026e-06 4.63916e-06 0.000388841  0.00014397  0.00228475 2.24293e-05 1.87526e-07 1.82584e-07 1.21625e-06 1.51859e-07 1.24568e-09 2.97374e-10
2.78143e-05 2.07951e-07    0.999935 5.87477e-09 5.63777e-08 1.44419e-08 4.39185e-06 1.90969e-06 3.01297e-05 2.30745e-07 1.28995e-08  4.0921e-11 2.56628e-10 3.00307e-11 5.96579e-13 8.88578e-16
   0.987764 1.40654e-07   0.0122129 9.73739e-08 2.12712e-08 2.50714e-08 2.79035e-06 1.21393e-06 1.90963e-05 1.47282e-07 8.15722e-09 1.47099e-09 9.27184e-09 1.08479e-09 1.87657e-11 2.41565e-12
2.68235e-17  3.7484e-12 3.92386e-18    0.823176    0.176824 4.60368e-11 3.98149e-11  3.3215e-10 4.62812e-12  6.4009e-13 2.64418e-11 6.21946e-18 1.24932e-17 4.70541e-18  1.0991e-19 6.81945e-27
3.90342e-08  0.00143981 3.19012e-06    0.270813    0.726721 0.000125099 0.000200443 0.000133341 3.66659e-05 0.000527651 4.50935e-08 1.16324e-07 3.18502e-08 2.05654e-08 2.73714e-08 1.44301e-13
8.07558e-12    0.999984 3.41855e-07 2.83257e-07  2.9553e-06 3.85767e-06 5.85444e-06 6.94246e-08 9.01369e-07  6.9905e-07 1.07619e-06  1.6811e-11 1.23359e-12 1.09696e-11 2.13492e-11 5.40047e-17
4.04592e-08 0.000156645 1.17296e-07    0.600577    0.398511 0.000117094 0.000134104 0.000445854 1.76308e-06 1.39154e-05 4.15836e-05 5.99488e-09 3.59527e-09 5.26295e-08 5.02572e-08 2.05974e-13
4.36782e-06    0.998087 0.000677177 1.71895e-05 0.000475973 0.000220015 0.000341796 5.36815e-06 7.25412e-05 3.55516e-05 6.32516e-05 3.07752e-08 1.46188e-10 2.85783e-08 4.92705e-08 4.71432e-13
1.04676e-06  0.00107753 4.92798e-10    0.585457    0.412085 0.000205874 0.000268895 0.000803496 2.16768e-06 2.74215e-05 7.16279e-05 2.07911e-08 9.17053e-09 1.59718e-07 1.45736e-07 2.29459e-14
    0.99517 1.96219e-08  0.00482455 4.46624e-08 5.87124e-09 2.06014e-08 6.00689e-07 2.65273e-07 4.11177e-06 3.20297e-08 1.75047e-09 2.00717e-10  1.2669e-09  1.5135e-10 2.45844e-12 2.08601e-13
3.36776e-10 2.17417e-06 1.26826e-07 5.41128e-06 4.57318e-05   0.0342379  0.00206285   0.0531801   0.0200044    0.834789   0.0556482 1.17113e-05 1.97178e-06 1.63399e-06 8.74225e-06 2.27644e-10
   0.997413 3.45524e-10  0.00258539 6.73144e-10 1.93389e-09  7.7937e-09 2.00867e-07 8.77583e-08 1.36983e-06 1.14734e-08 7.45587e-10 4.59768e-11 2.85394e-10 3.32179e-11 6.64362e-13 3.21073e-14
   0.999999    4.91e-14 6.21914e-07 4.48291e-14 1.38723e-13 2.27705e-16 9.29966e-14 2.15271e-14  1.2734e-13 9.35398e-14 2.38822e-14 2.92739e-21 4.01096e-20 9.24162e-21 6.81154e-21  3.8296e-27
5.32741e-09    0.588131 1.02896e-07   0.0187788     0.39256 0.000289904 1.20734e-05 1.06803e-05 1.18345e-05 0.000149318 5.65588e-05 1.77583e-10 1.69194e-10 3.08792e-09 5.45028e-08 9.36247e-14
   0.999996 9.47517e-12 3.65522e-06 1.08068e-12  1.0209e-12 4.91791e-13 7.94982e-13 3.94522e-13  4.0838e-12 3.60117e-14 3.60023e-13 3.70744e-19  2.4335e-18 9.50517e-19 1.05124e-19 2.89642e-24
   0.982357 4.00153e-07   0.0176012 1.69542e-07 7.01892e-08 3.15734e-08 4.88995e-06 2.12467e-06 3.34657e-05 2.57651e-07 1.43632e-08 2.93789e-09 1.85268e-08 2.16149e-09 3.78039e-11 5.47639e-12
   0.999561 1.02271e-10 0.000438764 6.43289e-10 1.79944e-09 7.73721e-10 7.42831e-09 3.19847e-09 5.05408e-08 5.24401e-10 1.07523e-10 5.83525e-13 2.62482e-12 3.17695e-13 2.22267e-14 7.87547e-17
7.77843e-09     0.44275 1.76032e-07   0.0612065    0.495528 0.000277129 4.61959e-07 3.40596e-05 8.82279e-06 0.000138213 5.57595e-05 7.38176e-10 5.38917e-11 4.11384e-10 5.35027e-08 6.53902e-14
   0.998971 4.15442e-10  0.00102836 6.05694e-09 8.22792e-10 1.64993e-09  3.6758e-08 1.67336e-08 2.53695e-07  2.0193e-09 6.89467e-10 4.66903e-12 2.69007e-11 3.09093e-12 5.89148e-14 1.59099e-15
   0.999716 4.83808e-11 0.000283768 2.67757e-10 9.38995e-10 1.12997e-11 3.36536e-09 1.39266e-09 2.17037e-08  2.9383e-10 1.78081e-10 1.30922e-13  7.9363e-13 1.19633e-13 2.65937e-15 1.72085e-17
   0.999637 5.02527e-10 0.000363012 5.21251e-10  2.1436e-09 1.98527e-10 5.10433e-09 2.24003e-09 3.53044e-08 2.98668e-10 4.76192e-11 3.45704e-13 1.58023e-12 1.90144e-13 3.33371e-15 4.34559e-17
 0.00200967    0.110296    0.697981   0.0188832    0.169653 1.58398e-07 8.39109e-07 3.95814e-05   0.0010741 5.69122e-05 5.64176e-06 9.67569e-08 2.13509e-07 2.03239e-08 7.43687e-10 3.25202e-11
1.44197e-08  0.00023132 3.00239e-07 1.03956e-05  0.00674352   0.0348999    0.114875   0.0188972 0.000728312    0.685834     0.13737 0.000171278 2.12282e-05  5.9678e-08 0.000218114 4.06676e-10
1.45272e-09 8.30082e-07 7.84355e-08   0.0405948    0.959341  1.4854e-05  2.1379e-05 5.65985e-06 5.28632e-07 1.89034e-05 1.51622e-06 4.00085e-10 8.02019e-11 8.52154e-11  5.1394e-10 3.21722e-15
4.40351e-10  0.00129885 2.60218e-06   0.0128618    0.984756  0.00027022 0.000341255 5.26187e-05 1.06091e-05 0.000382033 2.38181e-05 9.88968e-08 6.75833e-09  7.6077e-09 1.03105e-07 1.05633e-13
2.43532e-12    0.283019 1.20146e-07    0.149797    0.567177 1.12892e-10 4.42537e-06 3.24522e-07 6.82768e-07 1.63534e-06 1.70201e-07 1.12761e-11  2.2861e-12 2.30592e-12 1.43466e-12 6.73893e-18
   0.981797 4.69378e-07   0.0181595 2.93632e-07 3.28392e-08 3.26493e-08 5.12334e-06 2.22641e-06 3.50633e-05 2.69647e-07 1.50384e-08 3.10884e-09 1.96057e-08 2.28697e-09 3.98689e-11 5.84892e-12
   0.984282 3.10244e-07   0.0156831 5.66176e-08  2.1225e-08  2.9431e-08  4.1081e-06 1.78495e-06 2.81188e-05 2.16588e-07   1.202e-08 2.37629e-09 1.49801e-08 1.74855e-09 3.04234e-11  4.2699e-12
2.83261e-12 5.05952e-07  2.3089e-08   0.0834455     0.91655 6.73497e-07 1.19088e-06 7.79303e-08 1.21335e-07 1.96275e-06 9.03193e-09 2.56102e-12 5.27952e-13 1.13473e-12 2.84676e-12  5.3577e-19
   0.993186 5.84929e-08  0.00680475 2.22401e-08 2.45137e-11 2.61379e-08   1.078e-06  4.7334e-07 7.38028e-06  5.7912e-08 3.20445e-09  4.3531e-10 2.74079e-09 3.25761e-10 5.50768e-12 5.46917e-13
2.33757e-13    0.304748 5.37367e-10    0.562896    0.132355 1.20506e-07 3.68928e-08 3.76048e-07  6.2178e-10  3.1666e-07 1.58489e-09 2.48192e-13 7.70037e-13 9.33549e-13 5.28994e-14 9.83654e-20
1.11801e-11  4.2395e-09 4.30622e-06 1.50005e-08 2.66691e-06   0.0318031   0.0317973   0.0563677    0.319618    0.531557   0.0288435 3.29135e-06 1.77325e-06 2.77234e-07 7.87525e-07 7.76592e-12
7.84204e-08 0.000455874 7.26666e-05 0.000254092   0.0025616  0.00990258    0.494356    0.193583   0.0429259    0.241862    0.013636 0.000242868 3.70883e-07 8.71913e-05 5.97808e-05 2.20746e-09
2.51249e-08 4.00815e-06 7.46191e-07    0.126698    0.872583 0.000168064 0.000229722 0.000133494 2.56228e-06 0.000156628 2.39189e-05 3.36165e-08 4.37663e-10 1.54926e-08 5.18798e-08 7.18474e-14
   0.980113  6.8903e-07   0.0198366 7.15453e-07 4.62336e-08 3.52666e-08 5.84004e-06 2.53759e-06 3.99611e-05 3.06945e-07 1.71191e-08 3.63912e-09 2.29549e-08 2.67732e-09 4.65453e-11  7.0221e-12
   0.999993 2.85382e-12 6.88873e-06 1.11004e-12 8.83183e-13 6.64992e-14  3.9933e-12 1.58661e-12 1.52549e-11 8.76559e-13 4.27493e-13 2.80912e-18 2.22997e-17 5.05952e-18  3.1966e-18 2.39715e-23
1.70135e-13 3.64136e-07 7.25253e-09 5.28935e-07 9.66374e-09    0.123609   0.0688103    0.131106   0.0419227    0.102473    0.532077   3.632e-07 6.61276e-08 6.09278e-08  3.5807e-07 3.05334e-13
2.63636e-11   0.0588031 7.60449e-09    0.835419    0.105769 2.46321e-07 7.32975e-09 5.79067e-06 1.64848e-07 2.96207e-06 7.06204e-08 8.89378e-12 9.61132e-12 1.34761e-11 8.98589e-12  9.0734e-17
   0.999886 2.06108e-10 0.000113833 5.23819e-11 1.28702e-09 6.62931e-11 5.50947e-10 2.71301e-10  3.6614e-09 3.24888e-11 2.75474e-12 9.19584e-15 5.85801e-14 6.63331e-15 9.97673e-16  6.0561e-19
1.17161e-08 0.000277952 1.11084e-06    0.750062    0.248897 8.68691e-06 4.89031e-05 0.000382159 3.60806e-05 0.000272293 1.36007e-05 4.74556e-08 2.51746e-08 4.18862e-08 5.02779e-11 9.33198e-16
   0.991082 5.91354e-08  0.00890349 5.79437e-08 1.32256e-09 2.39692e-08 1.68149e-06 7.33726e-07 1.15089e-05 8.95629e-08  4.9855e-09  7.7406e-10 4.87663e-09 5.73125e-10 9.92959e-12 1.11137e-12
    0.99831 3.19246e-09   0.0016894 2.59635e-09 1.27569e-08 8.20342e-09 9.29824e-08  4.0095e-08 6.32074e-07 4.98598e-09 1.12314e-09   1.592e-11  9.7696e-11 1.12446e-11 2.69815e-13 8.19028e-15
8.21184e-12 5.68664e-06 1.82231e-07    0.301973    0.698001 2.00783e-06 4.24867e-06 3.01108e-06 8.32501e-07 1.01124e-05 1.07428e-08 7.47477e-11 1.78094e-11 1.06115e-11 2.10991e-11 5.75509e-17
   0.983939 3.46702e-07   0.0160255 8.26368e-08 2.88957e-08  2.9861e-08 4.24527e-06 1.84452e-06 2.90568e-05 2.23816e-07 1.24263e-08 2.47369e-09 1.55948e-08 1.82002e-09 3.17161e-11 4.47678e-12
   0.977107 8.84362e-07   0.0228298 1.68791e-06 5.36396e-07 3.69541e-08 7.16529e-06  3.1156e-06 4.90151e-05 3.76914e-07 2.10592e-08 4.64075e-09 2.92915e-08 3.41376e-09 6.05907e-11  9.2939e-12
   0.999865 1.38388e-10 0.000134577 3.87967e-12 1.91813e-09 1.38423e-10 7.71877e-10 3.81247e-10 5.08428e-09 5.50872e-11  2.2221e-12 1.49714e-14  9.3393e-14 1.07143e-14 1.81902e-15   9.856e-19
   0.994582 1.07431e-08  0.00541151 8.96715e-10 9.87576e-09 2.36388e-08 7.31358e-07 3.20772e-07 5.00777e-06 3.89123e-08 2.11931e-09 2.61103e-10 1.64584e-09 1.95693e-10 3.20385e-12 2.89382e-13
   0.997726 2.42822e-09  0.00227306 1.21238e-10 2.01195e-10 1.00698e-08 1.59219e-07 6.94646e-08 1.08693e-06 9.67055e-09 5.69785e-10  3.3504e-11 2.06804e-10 2.41848e-11 4.07115e-13 2.13547e-14
   0.991194  7.0451e-08  0.00879243 6.45986e-08 1.90578e-09 2.39125e-08 1.64727e-06  7.1958e-07 1.12755e-05 8.78068e-08 4.94274e-09 7.53932e-10 4.75022e-09 5.58364e-10  9.7846e-12 1.07613e-12
   0.993864 4.18913e-08  0.00612853 1.39539e-08 7.34282e-09 2.41636e-08 9.03918e-07 3.97588e-07 6.18682e-06  4.8126e-08 2.66118e-09 3.45007e-10 2.17632e-09 2.59155e-10 4.26723e-12 4.09946e-13
1.00975e-08    0.998462 9.73288e-06 0.000461196 0.000812004 8.38748e-05 0.000112657 7.41921e-07 1.92178e-05 1.57287e-05 2.32729e-05 3.62139e-09 5.95495e-11 3.88275e-09  7.4386e-09 9.85343e-14
5.69058e-09    0.597419 8.21492e-08      0.2555    0.146464 0.000180784 6.89315e-05 0.000130936 3.21545e-06 0.000216714 1.63334e-05 4.41445e-10 5.30659e-09 4.50284e-08 2.66513e-08  4.2499e-14
   0.999947 1.73891e-10 5.29993e-05 1.00189e-10 3.62436e-12 6.86254e-13 1.24871e-10 5.24166e-11 8.23227e-10 1.05843e-11 4.22358e-13 1.23232e-15  6.2149e-15 8.86962e-16 1.34313e-17 2.77787e-20
4.92057e-08 3.47326e-06 2.22003e-08 2.40473e-05 0.000368481   0.0995659   0.0151772    0.138283   0.0107164    0.152973    0.582826 2.84503e-05 9.03863e-07 7.90473e-06 2.47637e-05 4.20967e-12
1.16716e-09 3.10184e-05 2.24058e-08    0.506312    0.493432 4.01047e-05 4.65494e-05 0.000116744 2.01705e-07 9.28778e-06 1.20177e-05 1.07816e-09  3.0792e-10 4.72992e-09 5.43288e-09 4.60923e-14
 2.0253e-06    0.311336    0.050488   0.0638996    0.574255 5.12714e-09 7.84646e-06 1.52624e-11 7.14176e-06 3.61293e-06 3.32064e-07 9.41011e-11 1.01058e-11 1.85051e-12 1.59791e-12 2.44823e-16
1.02321e-08  0.00830591 4.15825e-08    0.843974     0.14675 0.000122103 4.44791e-05 0.000714383   1.711e-05 1.82791e-06 6.94108e-05 5.34583e-10 1.52382e-08 9.00436e-08 7.21279e-08 5.74669e-14
   0.998522 8.09747e-14  0.00147754 1.07159e-10 8.15602e-09 7.78705e-09 7.21035e-08 3.15794e-08 4.94798e-07 3.79372e-09  9.8619e-10 1.15446e-11 6.87722e-11 8.01672e-12 3.31656e-13 5.15018e-15
6.92575e-11 1.00177e-06  1.1494e-08    0.648856    0.350725  6.2493e-05 6.42591e-05    0.000261 1.59937e-06 4.52436e-06 2.41755e-05 1.69407e-09 1.44654e-09 1.81558e-08 1.63344e-08 2.45965e-15
4.18844e-10    0.219603 2.46064e-07  0.00901988     0.77125 2.38595e-06 8.72452e-05 4.40491e-07  8.3184e-06 2.82946e-05 4.26077e-07 3.08331e-09 4.67575e-10 2.98301e-10 2.61004e-10 2.79278e-14
8.57774e-09 4.51036e-06 1.50324e-07    0.427502    0.571877 0.000120853 0.000141399  0.00028097 1.33027e-07 4.08782e-05 3.16644e-05 9.59696e-09 8.39931e-10 2.77736e-08  3.9038e-08 1.24043e-13
   0.999865 1.82611e-10 0.000135238 3.80292e-12 2.08026e-09 1.45522e-10  7.8229e-10 3.90858e-10  5.1339e-09 5.56169e-11  2.6492e-12 1.52804e-14 9.48185e-14 1.08618e-14 1.75627e-15 1.00371e-18
1.11997e-12 7.14625e-06 1.61042e-08 3.98477e-07 2.05007e-06    0.177446   0.0562831   0.0104753   0.0292715    0.186027     0.54048 1.97568e-07 3.88883e-09 4.38454e-07 7.11338e-06 1.83491e-12
   0.990135 1.48136e-07  0.00984855 7.25737e-08 1.76469e-10  2.4829e-08 1.97993e-06 8.62865e-07 1.35552e-05 1.05084e-07 6.09478e-09 9.54713e-10 6.01222e-09 7.04353e-10 1.23686e-11 1.43366e-12
   0.998608 6.43588e-11  0.00139157 4.14333e-10 1.17474e-10 6.07632e-09 6.43502e-08 2.84219e-08 4.42926e-07 3.45808e-09 1.22503e-09 9.80772e-12 5.89148e-11 6.91782e-12 2.74154e-13 4.17532e-15
  0.0416286  0.00111271    0.953338 2.55303e-07 1.11729e-07 3.21909e-07  0.00043362 0.000206534  0.00325262 2.18215e-05 2.33459e-06 3.60779e-07  2.2032e-06 2.46057e-07 6.31405e-09   7.318e-10
 0.00056416  0.00100611    0.997933  1.1861e-08 1.04736e-07 4.50625e-07 6.38757e-05 2.55235e-05 0.000403119 3.47332e-06 8.76317e-08 6.86291e-09 4.38229e-08 5.28146e-09 1.45098e-10 1.98713e-12
   0.976814 8.87753e-07   0.0231216  1.6611e-06 6.33339e-07 3.71875e-08 7.29743e-06 3.17243e-06 4.99179e-05 3.83938e-07 2.14477e-08   4.742e-09 2.99307e-08 3.48831e-09 6.19678e-11 9.52646e-12
   0.977494 9.34285e-07   0.0224448 1.82256e-06 2.89885e-07 3.75185e-08 6.99214e-06 3.04056e-06 4.78311e-05 3.67444e-07 2.05492e-08 4.50861e-09 2.84547e-08 3.31705e-09 5.84897e-11  8.9897e-12
   0.979566  9.2482e-07   0.0203816 8.25815e-07 2.16229e-08 3.72116e-08 6.07724e-06 2.64055e-06 4.15815e-05  3.1927e-07 1.77896e-08 3.81676e-09 2.40764e-08 2.80798e-09 4.84883e-11 7.41871e-12
 0.00250833  0.00476699    0.991361 1.86008e-07   2.091e-06 2.46499e-06 0.000189086 6.88132e-05  0.00108974 1.08811e-05 6.40509e-08 4.55353e-08 3.05543e-07 3.83631e-08 3.15311e-10 3.70866e-11
   0.999798 6.80789e-12 0.000202233 4.25791e-10 8.89947e-10 1.12898e-11 1.71624e-09 7.13269e-10 1.12404e-08 1.12873e-10 3.46864e-11 4.81297e-14 3.01741e-13 4.39239e-14 1.88382e-15 5.02299e-18
   0.987439 1.22172e-07   0.0125365  1.4934e-07 7.29036e-09 2.54277e-08 2.90716e-06 1.26477e-06 1.98982e-05 1.53327e-07 8.57129e-09 1.54906e-09 9.76151e-09 1.14196e-09 1.98977e-11  2.5693e-12
3.63071e-10    0.878969 5.45671e-08   0.0823091    0.038651 2.33465e-05 2.07902e-05 6.40114e-06   2.236e-06 1.37757e-05 3.94918e-06 2.44766e-10 4.36248e-11 5.80556e-10 5.12901e-10 1.37382e-17
1.52067e-11  1.6616e-05 1.35467e-07 6.82519e-08 3.24077e-06   0.0202292    0.273644    0.010274   0.0386069  0.00749718    0.649715  8.3577e-06 8.29489e-08 2.94396e-06 2.12027e-06 1.53556e-12
9.99738e-12  0.00287975 1.39189e-08    0.548059    0.449055 9.25882e-07 1.38887e-06 3.48687e-06 4.26655e-09 1.64354e-07 3.02024e-07 5.19737e-12 3.63092e-13 4.65486e-12 6.38103e-12 8.14697e-18
   0.977753 8.02509e-07   0.0221865 1.82352e-06 2.59563e-07 3.69308e-08 6.87577e-06 2.99044e-06 4.70387e-05  3.6133e-07 2.02533e-08 4.42044e-09  2.7896e-08 3.25187e-09 5.74323e-11 8.78785e-12
 0.00401874    0.016663    0.943169  0.00344779   0.0309503 7.90426e-07 9.46914e-05 8.00467e-05  0.00153964 3.29052e-05 2.33263e-06 1.14066e-07  4.7068e-07 5.19674e-08 1.24199e-09 7.92617e-11
   0.976837 9.15009e-07   0.0230991 1.63266e-06 6.64721e-07  3.7149e-08 7.28737e-06 3.16798e-06 4.98479e-05 3.83446e-07 2.14073e-08   4.734e-09  2.9881e-08 3.48251e-09 6.18679e-11 9.50843e-12
   0.979397 8.11227e-07   0.0205496 8.36848e-07 6.11546e-08 3.65531e-08 6.15084e-06  2.6722e-06 4.20847e-05 3.23203e-07 1.80343e-08 3.87198e-09 2.44249e-08 2.84882e-09 4.95122e-11 7.54366e-12
   0.987378 1.13361e-07   0.0125969 1.41818e-07 3.84926e-10 2.58732e-08 2.92875e-06 1.27453e-06 2.00481e-05 1.54419e-07 8.60857e-09 1.56385e-09   9.854e-09 1.15242e-09 2.00153e-11 2.59817e-12
3.63282e-13 9.26381e-06 9.45487e-09    0.993805   0.0061707 4.67801e-07  1.5749e-07 1.24595e-05 4.05697e-07 1.22896e-06 7.74003e-07  8.3683e-12 2.02519e-11 3.75289e-11 2.29548e-11 1.88676e-16
   0.993999 3.77527e-08  0.00599355 1.59009e-08 6.31859e-09 2.42441e-08 8.70446e-07 3.82605e-07 5.95779e-06 4.61041e-08 2.57297e-09 3.28421e-10  2.0708e-09 2.46826e-10 4.02785e-12 3.85047e-13
1.49917e-05 4.30863e-06     0.99996 5.98136e-09 5.80835e-08  7.6016e-09 2.43839e-06 1.06504e-06 1.68024e-05 1.27853e-07 7.40237e-09 1.36585e-11 8.02516e-11 9.32611e-12 1.86643e-13 1.54297e-16
