4.6632e-06     0.0009011496   1.0000022958   1.8107e-06     
0.9999345382   0.0154232585   7.01475e-05    0.0001156114   
0.9999633927   0.0125087927   2.76964e-05    7.65208e-05    
0.9992970906   0.0445372528   0.0005398803   0.000896142    
0.9998323764   0.0225840088   0.0001326061   0.0002439692   
3.48592e-05    0.0084021889   2.61582e-05    1.0000176015   
0.9991542644   0.0500290877   0.0007630846   0.0011118903   
0.999113407    0.0520756473   0.0008256513   0.00119673     
0.9992662867   0.0456451492   0.0005735787   0.000938197    
0.9992998683   0.0444382116   0.0005391941   0.0008924192   
0.999626992    0.0323667622   0.0002950297   0.0004892967   
0.9996903038   0.0296790449   0.0002460161   0.0004142068   
0.9991180319   0.0574494251   0.0010119449   0.0014293941   
0.9995411976   0.0357371111   0.0003541215   0.000591299    
4.6914e-06     0.0013065438   1.0000039446   3.1193e-06     
0.0305584177   0.9993463937   0.0085541126   0.0185393019   
0.9998871081   0.0191299289   7.26351e-05    0.0001764339   
0.0052667426   0.999977269    0.0011496745   0.0047362172   
0.9992715445   0.045457014    0.0005779399   0.0009309953   
0.9993911941   0.0412015839   0.0004779414   0.0007743255   
0.0391320276   0.998978125    0.0107434351   0.0213782476   
0.999638647    0.0318868296   0.0002677595   0.0004754801   
0.999134204    0.0509603118   0.0007791573   0.0011502219   
0.9991364652   0.0508501107   0.0007808245   0.0011456571   
1.0000033434   0.0015533282   1.1178e-06     1.2031e-06     
0.9996302263   0.0322341855   0.0002996051   0.0004854586   
0.1125461685   0.9930241193   0.0214371681   0.033085867    
0.0010301481   0.0202874685   0.9999773031   0.0004032807   
0.9992056482   0.0591029831   0.0010959401   0.0015034421   
0.0006014937   0.0137191652   0.9999658667   0.0002176753   
0.9991723487   0.0586376185   0.0010819914   0.0014825132   
0.9990934172   0.0535215469   0.0008447491   0.0012580045   
0.9999511191   0.0138421266   6.26577e-05    9.34359e-05    
0.9995224533   0.0364456384   0.0003822315   0.0006138165   
0.9992471043   0.0463486816   0.0006031088   0.0009652972   
0.9992825248   0.0450585308   0.000563666    0.0009158285   
0.9992296111   0.0469994836   0.0006227361   0.0009906418   
0.9996327727   0.0321275485   0.0002776813   0.0004823892   
0.9992231578   0.0472406184   0.0006345728   0.0010000945   
0.0035047459   0.9999900929   0.0008895322   0.0032611871   
0.9996148767   0.0328569061   0.0003005314   0.0005035964   
0.9991480467   0.050309605    0.000753676    0.0011233956   
0.0270361949   0.9994759262   0.0077083899   0.0171817249   
0.9999879036   0.009039784    2.30524e-05    4.02467e-05    
0.9990850534   0.054882102    0.0008894719   0.0013165933   
0.0926637818   0.9951659779   0.0177671751   0.0311639154   
0.9991007021   0.0529152499   0.0008462973   0.0012321741   
0.9990871414   0.0542984768   0.0008678299   0.001291353    
0.0001382182   0.0094156697   0.9999908205   0.0001020817   
2.9931e-06     0.0011728741   1.0000037508   4.7243e-06     
0.0328308351   0.9992560149   0.0091410494   0.0193512277   
0.999368206    0.0420146236   0.0004962468   0.0008033331   
0.9995201984   0.0365300939   0.0003817961   0.0006165269   
0.9999499911   0.0139527492   5.85779e-05    9.49134e-05    
0.9997149882   0.0285720995   0.0002526775   0.0003849316   
3.3335e-06     0.0019235101   0.9999996673   3.5658e-06     
1.000003921    0.0040673333   3.2219e-06     8.2209e-06     
1.0018854958   0.0638961136   0.0013814647   0.0017201734   
0.9990882045   0.0541154033   0.0008673428   0.0012834637   
0.9998380979   0.022249472    0.0001395492   0.0002369792   
0.0540380127   0.9954118687   0.0755192007   0.0251200811   
0.9995199846   0.0365377727   0.0003839849   0.0006167724   
1.0000042594   0.0035028062   1.6989e-06     6.1027e-06     
1.45652e-05    0.0025020445   1.0000032377   1.42473e-05    
0.9998730055   0.0622158136   0.0012681452   0.0016448279   
0.9991261608   0.051366942    0.0007942121   0.0011671005   
1.0000021493   0.0052611766   4.7142e-06     1.37285e-05    
0.9997084722   0.0288664715   0.0002478196   0.0003926222   
0.9990893995   0.0560172968   0.0009498088   0.0013661198   
0.9993903425   0.0606175714   0.0011693344   0.0015720145   
0.0001715017   0.0187917494   0.0001253208   0.9999842892   
0.0004056355   0.0111690262   0.9999860275   0.0001462772   
0.9990852204   0.0552567614   0.0009134594   0.001332872    
0.999628689    0.0322961134   0.0002973794   0.0004872498   
0.9997203205   0.0283250883   0.000233274    0.0003785362   
0.0325023587   0.9992687537   0.009129805    0.0192367126   
0.9991210381   0.05754086     0.0010178006   0.0014334639   
0.9992626404   0.0597098705   0.0011284446   0.0015308431   
0.9997404875   0.0619172443   0.001249829    0.0016312243   
1.0020957664   0.0639704517   0.0013868999   0.0017233658   
3.9768e-06     0.0006383431   1.0000019368   9.014e-07      
0.9998983439   0.0183272798   6.55933e-05    0.0001622274   
0.9990856579   0.0546305304   0.0008678632   0.0013057046   
0.9991404553   0.0506580899   0.0007732923   0.0011377289   
0.0513853343   0.9982599378   0.0180097251   0.0245732411   
0.9990894632   0.0560124869   0.0009482722   0.001365908    
0.009949587    0.9997128667   0.020480436    0.0082141938   
0.9999861725   0.0093423746   1.74776e-05    4.29609e-05    
0.9993917557   0.0411823116   0.000476446    0.0007736438   
0.083279231    0.9960325842   0.0165681199   0.0300412384   
