0.9992845818   0.0054115744   0.0221354877   0.0333003214   0.0001039317   0.0006088177   0.000516364    9.36e-06       
0.9992781152   0.0054603287   0.0222501103   0.0334967889   0.0001049341   0.0006147009   0.0005201157   9.5029e-06     
0.0006245999   0.8866450291   0.0001120841   0.4624640555   0.0010283929   0.0005897112   0.0005870658   2.5259e-06     
0.9993640857   0.0049436729   0.0207695534   0.031017064    9.20396e-05    0.0005408876   0.0004668058   7.7647e-06     
0.9998991368   0.0016788656   0.0085805486   0.0122452733   1.58952e-05    0.0001159118   0.0001372372   1.2495e-06     
0.0045455082   0.000377947    1.00001301     4.79538e-05    0.0008377098   0.0051420373   4.3756e-06     2.80641e-05    
0.0060157668   0.266864365    7.09127e-05    0.9637168253   0.0010505418   0.0033546153   0.0049384397   2.18089e-05    
0.0001800062   0.9884301503   0.0002562613   0.1517861616   0.0031786479   0.0006353975   0.0001498044   1.8224e-05     
0.9999888975   0.0005686484   0.0031349226   0.0044068879   5.235e-06      2.03721e-05    1.06738e-05    3.1e-08        
0.9993031629   0.0066266026   0.0248737296   0.0381124557   0.0001338828   0.0007568135   0.0006261911   1.28915e-05    
0.9994570604   0.0044486023   0.0191836833   0.0284329652   8.02526e-05    0.0004652835   0.0004252323   6.1694e-06     
0.9993003659   0.0052920326   0.021854715    0.0328295092   0.0001009829   0.0005949354   0.0005047793   8.9996e-06     
0.9992200289   0.0063155153   0.0242980739   0.0370542796   0.0001266295   0.0007245339   0.0005995663   1.20867e-05    
0.9993442964   0.0050439518   0.0211026278   0.0315722151   9.44745e-05    0.0005573771   0.000476181    8.142e-06      
0.0056291582   0.5913219284   0.0001602598   0.8064199627   0.002284747    0.0028855017   0.0045700375   1.75591e-05    
0.9992924537   0.0053484424   0.0219954501   0.0330634836   0.0001025853   0.0006018442   0.0005115559   9.1726e-06     
0.9992981184   0.0053092771   0.0218954931   0.0328954303   0.0001014748   0.0005969885   0.0005070229   9.047e-06      
0.9992865347   0.0053943342   0.0221007142   0.0332407457   0.0001035239   0.0006070876   0.0005149144   9.3187e-06     
0.9999907151   0.0005250251   0.002902862    0.0040790069   2.398e-06      3.05462e-05    9.4244e-06     6.65e-08       
1.855e-06      0.0008253758   0.0011389135   0.0007110653   0.7832372336   0.6217425505   3.637e-06      0.0010807883   
0.0030925005   0.149914375    9.71645e-05    0.988698647    0.000363573    0.0019298976   0.0027856832   9.2576e-06     
0.9993689814   0.0049121054   0.0206873763   0.0308815752   9.11895e-05    0.000536966    0.0004640787   7.6718e-06     
0.9992735333   0.0054891664   0.0223345081   0.0336406718   0.0001057245   0.0006190179   0.000523157    9.6123e-06     
0.9996402242   0.0034239341   0.0156921311   0.0229787305   5.28048e-05    0.0003245472   0.000348926    3.8035e-06     
0.0171917878   0.04081402     0.0002897093   0.9990084189   0.0004734537   0.0074681414   0.0105526025   0.0001318612   
0.9997217368   0.0029423698   0.0138720316   0.0201880487   4.19479e-05    0.0002521662   0.0003049996   2.6295e-06     
0.9999509187   0.0011555612   0.0061275331   0.008676005    1.67998e-05    6.40457e-05    4.77869e-05    4.478e-07      
0.9992197918   0.0059577263   0.0235591928   0.0357421426   0.0001179161   0.0006841818   0.0005714164   1.11022e-05    
0.0238874193   0.5279028676   0.0004324901   0.8490652321   0.0052287779   0.0089428709   0.0112428012   0.000151024    
0.9999459175   0.0012137332   0.0064100995   0.0090831145   1.39953e-05    5.7378e-05     4.88845e-05    2.934e-07      
