1.0007525922   0.0264736929   0.0011006342   7.85686e-05    5.74388e-05    5.70767e-05    0.0003003608   2.4522e-06     2.26434e-05    7.1647e-06     1.3284e-05     2.5254e-06     2.15052e-05    2.4957e-06     4.6184e-06     1.9535e-05     1.23092e-05    8.017e-07      6.7968e-06     6.251e-07      1.054e-07      5.0064e-06     5.3347e-06     8.4386e-06     2.5406e-06     5.6873e-06     6.98e-08       5e-08          4.69e-08       1.3e-08        3.72e-08       3e-10          
0.0            0.0            0.0            0.0            0.0            0.0            0.0            0.0            0.0            0.0            0.0            0.0            0.0            0.0            0.0            0.0            0.0            0.0            0.0            0.0            0.0            0.0            0.0            0.0            0.0            0.0            0.0            0.0            0.0            0.0            0.0            0.0            
1.0003154886   0.0212186649   0.0008826953   3.51921e-05    3.96373e-05    3.52722e-05    0.0002101827   2.6057e-06     2.25705e-05    6.2082e-06     1.37628e-05    1.7241e-06     1.9893e-05     4.6758e-06     2.5402e-06     1.50103e-05    1.22295e-05    7.654e-07      6.8393e-06     6.275e-07      1.358e-07      4.952e-06      5.3588e-06     8.3784e-06     2.5128e-06     5.6283e-06     7.02e-08       4.93e-08       4.69e-08       1.39e-08       3.71e-08       1e-10          
1.0001016375   0.0101774594   0.0004228436   3.06785e-05    4.25968e-05    1.66017e-05    5.70309e-05    4.9084e-06     1.15252e-05    1.09829e-05    1.4526e-06     5.0152e-06     9.4336e-06     1.40843e-05    6.0405e-06     9.8234e-06     6.8019e-06     7.912e-07      6.9695e-06     1.2245e-06     7.218e-07      2.3407e-06     6.1585e-06     5.3483e-06     2.2638e-06     3.7085e-06     1.99e-08       3.02e-08       6.7e-09        5e-09          1.38e-08       1e-10          
1.66422e-05    0.0025034828   0.0724226633   0.8638341948   0.3750606198   0.3294766307   0.0001299366   0.0027968516   0.0005587474   0.0020242186   0.0043240403   0.0042872908   0.0015263097   0.0009398337   0.0041154077   0.0028389618   1.90282e-05    1.3282e-05     8.7804e-06     4.2971e-06     3.1347e-06     8.404e-06      5.2045e-06     3.05023e-05    1.91501e-05    2.06621e-05    1.448e-07      2.42e-08       1.124e-07      4.57e-08       8.97e-08       1.31e-08       
0.0            0.0            0.0            0.0            0.0            0.0            0.0            0.0            0.0            0.0            0.0            0.0            0.0            0.0            0.0            0.0            0.0            0.0            0.0            0.0            0.0            0.0            0.0            0.0            0.0            0.0            0.0            0.0            0.0            0.0            0.0            0.0            
8.1026e-06     0.0024397085   0.0935507355   0.3487931863   0.1734924955   0.916246099    1.68577e-05    0.0003180436   0.0004678634   0.0001863558   0.0004601516   0.0001564692   0.0009513645   0.0001989971   0.0005688053   0.0002973826   4.646e-07      1.7302e-06     4.221e-07      8.619e-07      9.731e-07      5.728e-07      8.79e-07       4.199e-07      1.1211e-06     1.2621e-06     1e-09          2e-10          3e-10          1.1e-09        1.4e-09        3e-10          
1.0002472477   0.019215847    0.0007992628   6.00812e-05    2.1127e-05     4.1905e-05     0.0001779006   1.6198e-06     2.50189e-05    9.3474e-06     1.21349e-05    1.3404e-06     1.92765e-05    5.1404e-06     3.137e-06      1.18706e-05    1.22669e-05    8.52e-07       6.7652e-06     5.977e-07      1.999e-07      5.0697e-06     5.3554e-06     8.3193e-06     2.7954e-06     5.7617e-06     7.02e-08       4.93e-08       4.94e-08       1.42e-08       3.57e-08       1e-10          
0.0190113963   0.999425642    0.0280558045   0.0029960252   0.0022112387   0.0128446193   0.0115096075   2.02583e-05    2.62186e-05    2.3955e-05     7.94081e-05    7.10726e-05    2.91102e-05    3.01342e-05    4.96177e-05    0.0006171331   6.50073e-05    9.7915e-06     9.095e-06      7.4135e-06     2.3452e-06     9.317e-07      8.4857e-06     6.5161e-06     2.8035e-06     1.6425e-06     2.075e-07      3.26e-08       1.47e-07       5.59e-08       8.8e-09        1.38e-08       
2.79823e-05    0.0073954245   0.1352607183   0.2948584098   0.006531833    0.9461838962   5.19877e-05    0.0017204511   0.0011790791   0.0003446077   0.0051006075   0.0044803581   0.0040012782   0.0025187197   0.0005740606   0.0013785055   1.24038e-05    1.9917e-05     1.48014e-05    1.34244e-05    8.5447e-06     1.47524e-05    1.7642e-06     2.95218e-05    5.3099e-06     2.9631e-06     8.79e-08       5.58e-08       6.24e-08       7.44e-08       5.07e-08       2.43e-08       
0.0001932237   0.0241047973   0.0010182053   8.46033e-05    6.09196e-05    3.30195e-05    0.9991695149   0.0016857572   0.0011366906   0.0010280283   0.0015360419   0.007396791    0.0010141222   0.0012428141   0.0004534864   0.0587726462   0.0096767728   8.4345e-06     1.33081e-05    3.7443e-05     1.08827e-05    8.9119e-06     3.711e-07      8.0511e-06     6.6508e-06     0.0001995084   4.10487e-05    9.7554e-06     2.76045e-05    6.6538e-06     4.5331e-06     4.2795e-06     
1.0001922999   0.0168741754   0.000704301    2.44689e-05    3.95021e-05    3.153e-05      0.0001422571   2.0095e-06     2.0687e-05     8.8852e-06     9.237e-06      1.201e-06      1.46108e-05    4.4699e-06     3.6149e-06     9.0026e-06     1.22415e-05    1.4253e-06     6.6479e-06     1.932e-07      1.451e-07      4.4715e-06     5.5662e-06     7.7566e-06     2.8466e-06     5.9078e-06     7.29e-08       5.02e-08       4.8e-08        8.7e-09        2.69e-08       2e-10          
1.000053262    0.0051501636   0.0002139262   2.08167e-05    2.5735e-06     9.2486e-06     1.57242e-05    3.3246e-06     8.91e-06       4.6691e-06     1.3766e-06     4.69e-08       1.23593e-05    4.684e-07      5.0199e-06     3.3224e-06     4.8917e-06     1.718e-06      1.8655e-06     2.0464e-06     3.577e-06      1.876e-07      3.1284e-06     3.8693e-06     1.5057e-06     3.071e-06      1.41e-08       8.6e-09        7e-09          6.4e-09        6.8e-09        0.0            
0.0014298286   0.7633137787   0.3147602323   0.4885273449   0.190969334    0.2077615198   0.0016334694   3.11174e-05    0.0003267568   7.41248e-05    0.000637863    0.0002197675   0.0001773472   7.19893e-05    7.29089e-05    0.0003525009   1.8749e-06     1.1304e-06     5.559e-07      8.558e-07      8.821e-07      1.3754e-06     1.4996e-06     6.141e-07      2.1697e-06     2.944e-07      1.6e-09        1.5e-09        8e-10          1.4e-09        4e-10          2e-10          
0.0020953375   0.9708243129   0.1829993611   0.139316474    0.0519173909   0.043829036    0.0023686438   8.4786e-05     6.93796e-05    9.72348e-05    0.0001891905   1.68296e-05    8.07246e-05    6.58701e-05    5.6183e-05     0.0003059521   3.0674e-06     1.6517e-06     7.845e-07      1.7537e-06     1.4352e-06     9.552e-07      8.415e-07      1.379e-07      8.915e-07      9.9e-08        2.2e-09        2.6e-09        1.7e-09        1.3e-09        6e-10          0.0            
0.0002000158   0.0044716647   0.063169505    0.649695012    0.1649309244   0.739706849    4.13808e-05    0.0012181986   0.0035509682   0.0008356303   0.0003542834   0.0001465205   0.0061252524   0.0012866361   0.0039336726   0.0004851014   2.7175e-06     1.75812e-05    1.1175e-05     1.08762e-05    7.0377e-06     1.85096e-05    6.8086e-06     1.1429e-06     2.07812e-05    2.986e-06      2.34e-08       2.63e-08       9.1e-08        8.42e-08       3.76e-08       2.57e-08       
0.0            0.0            0.0            0.0            0.0            0.0            0.0            0.0            0.0            0.0            0.0            0.0            0.0            0.0            0.0            0.0            0.0            0.0            0.0            0.0            0.0            0.0            0.0            0.0            0.0            0.0            0.0            0.0            0.0            0.0            0.0            0.0            
1.0002353532   0.0187819487   0.0007807852   3.28107e-05    1.1229e-05     3.37255e-05    0.0001711071   8.535e-07      2.43853e-05    1.20626e-05    1.247e-05      1.5184e-06     1.88831e-05    5.1702e-06     1.7232e-06     1.15976e-05    1.21324e-05    9.418e-07      6.7741e-06     6.695e-07      9.81e-08       5.0103e-06     5.4655e-06     8.2751e-06     2.8018e-06     5.7951e-06     6.84e-08       4.98e-08       4.8e-08        1.35e-08       3.5e-08        1e-10          
2.25234e-05    0.000308318    0.0056462443   0.0026554643   0.0012051569   0.0049976248   0.0398929464   0.0156280848   0.0621822744   0.0286583233   0.3514293721   0.338735422    0.2273469879   0.5530555299   0.0161879756   0.6314907981   1.81446e-05    0.0027560911   0.0009714494   0.0017709489   0.0011631162   0.0006212733   0.0004177742   0.0015822323   0.001266998    0.0022049144   5.7018e-06     3.3315e-06     8.9572e-06     7.394e-06      8.6363e-06     6.3969e-06     
1.0086281149   0.0314145609   0.0013277189   7.31615e-05    0.0001708438   5.13896e-05    0.0003874342   2.593e-06      2.18717e-05    8.1018e-06     1.47444e-05    2.503e-06      2.15689e-05    3.1576e-06     5.6315e-06     2.4107e-05     1.25006e-05    7.688e-07      6.8128e-06     5.93e-07       9.85e-08       5.0553e-06     5.4067e-06     8.5316e-06     2.5768e-06     5.7328e-06     7.05e-08       5.07e-08       4.71e-08       1.28e-08       3.74e-08       6e-10          
8.0247e-06     0.0109257448   0.1438043013   0.5703645127   0.6572432101   0.471100514    3.667e-07      0.0004078321   0.0007254766   0.0004865712   0.0002973477   4.50751e-05    0.0007250059   0.0001927312   0.000221098    0.000138499    1.332e-07      1.7963e-06     2.438e-07      4.44e-08       1.2322e-06     5.337e-07      9.641e-07      1.479e-07      1.4452e-06     5.827e-07      1e-10          8e-10          8e-10          3e-10          1e-09          3e-10          
1.0006442863   0.0257194263   0.0010719421   2.48521e-05    2.79953e-05    6.81648e-05    0.0002870354   1.9002e-06     2.25094e-05    6.5097e-06     1.37074e-05    2.2895e-06     2.14282e-05    2.0946e-06     4.3664e-06     1.87198e-05    1.22854e-05    8.076e-07      6.8002e-06     6.308e-07      1.052e-07      5.0079e-06     5.3291e-06     8.4384e-06     2.5388e-06     5.6791e-06     6.98e-08       5e-08          4.68e-08       1.31e-08       3.73e-08       3e-10          
6.5915e-06     0.0001607719   0.0038588837   0.0036031235   0.0027603663   0.0003872613   0.0071166717   0.1381531517   0.4645041998   0.538025429    0.0073318523   0.1005997789   0.0207565503   0.5539992985   0.3856886315   0.1009607151   3.3393e-05     0.0022985383   0.0006596109   0.0004481915   0.0014507225   0.0005269963   0.0011379861   0.0015030016   0.0013914733   0.0016707104   1.6277e-06     8.9254e-06     1.6232e-06     6.6738e-06     2.7714e-06     2.1892e-06     
1.0004000903   0.0229089549   0.000956562    2.37542e-05    4.08531e-05    4.93465e-05    0.0002384564   3.3985e-06     2.18673e-05    6.0295e-06     1.27045e-05    2.3045e-06     2.05968e-05    4.431e-06      3.7471e-06     1.59267e-05    1.22615e-05    8.179e-07      6.8254e-06     6.417e-07      1.396e-07      5.0261e-06     5.3342e-06     8.3824e-06     2.4992e-06     5.6731e-06     7.01e-08       4.96e-08       4.75e-08       1.32e-08       3.74e-08       2e-10          
4.17e-08       3.0403e-06     7.39184e-05    3.0192e-06     3.25883e-05    3.68035e-05    0.0224887847   0.1231443603   0.2941723508   0.0757810984   0.5402061349   0.6337151697   0.0715522015   0.2958380805   0.1070232739   0.3074844329   1.5277e-06     3.60541e-05    2.12624e-05    2.94845e-05    4.87782e-05    7.42677e-05    3.23857e-05    1.94727e-05    2.70227e-05    6.83115e-05    4.62e-08       1.5e-08        6e-10          3.35e-08       6.43e-08       3.42e-08       
1.0001819171   0.0163184344   0.0006803845   3.05298e-05    8.17999e-05    2.50321e-05    0.0001341958   2.1581e-06     1.75164e-05    1.09008e-05    1.16017e-05    1.2702e-06     1.26022e-05    4.4537e-06     3.5822e-06     9.6366e-06     1.2449e-05     1.5125e-06     6.5259e-06     4.146e-07      1.851e-07      4.6682e-06     5.3095e-06     7.5044e-06     2.7886e-06     5.7721e-06     7.5e-08        4.89e-08       5.16e-08       9.4e-09        2.65e-08       3e-10          
1.0001290697   0.0126637626   0.0005288966   3.61017e-05    3.28987e-05    2.61375e-05    8.61569e-05    7.3212e-06     1.21432e-05    4.8602e-06     7.6858e-06     5.3497e-06     1.35141e-05    1.31061e-05    5.0521e-06     1.02241e-05    9.7118e-06     3.5204e-06     4.8058e-06     5.518e-07      1.093e-07      4.2199e-06     4.1636e-06     5.6642e-06     2.7484e-06     4.378e-06      4.69e-08       3.13e-08       3.36e-08       6.7e-09        1.3e-08        2e-10          
0.0026614866   0.2459352122   0.2941602026   0.1249579937   0.7085636245   0.5791613483   0.0021380224   0.0013115942   0.0003173973   0.0028079083   0.0018317223   0.0013954166   0.002314709    0.001316865    0.0020253778   0.0011741069   8.9252e-06     2.2571e-06     3.9952e-06     9.0924e-06     3.0278e-06     5.3718e-06     7.0559e-06     4.7956e-06     3.0862e-06     1.16855e-05    1.72e-08       3.25e-08       3.21e-08       1.56e-08       1.9e-08        3.2e-09        
1.0002789057   0.0202317041   0.0008433733   5.10845e-05    1.66758e-05    3.34192e-05    0.0001941148   2.746e-07      2.54845e-05    7.7782e-06     1.1169e-05     1.248e-06      1.97857e-05    4.3783e-06     2.8623e-06     1.44326e-05    1.21578e-05    8.552e-07      6.7829e-06     5.602e-07      2.559e-07      5.0091e-06     5.4238e-06     8.3413e-06     2.6898e-06     5.6953e-06     6.87e-08       4.86e-08       4.75e-08       1.33e-08       3.62e-08       1e-10          
0.006204204    0.9992065292   0.0393238692   0.0015009302   0.0051675878   0.0037784256   0.0058611023   1.85437e-05    1.28453e-05    1.42197e-05    7.8468e-06     3.40816e-05    8.5534e-06     4.5248e-06     6.585e-06      0.0003392675   1.75183e-05    4.9037e-06     1.7299e-06     1.627e-07      2.0661e-06     1.3858e-06     3.4773e-06     3.55e-06       6.749e-07      1.0044e-06     2.83e-08       7.2e-09        2.06e-08       1.37e-08       1.49e-08       4.3e-09        
6.39718e-05    0.0292658817   0.6819072501   0.1825182204   0.7078211829   0.0095848824   9.77993e-05    0.0017520897   0.003628961    0.0019323345   0.0037487743   0.0015108494   0.001563372    0.0022787492   0.0023237614   0.0012274489   1.5667e-06     1.00198e-05    2.07548e-05    1.12608e-05    1.00855e-05    2.26877e-05    2.1766e-06     7.6951e-06     6.1085e-06     1.10136e-05    3.02e-08       2.72e-08       4.95e-08       1.93e-08       4.91e-08       4.4e-09        
1.0001657518   0.0153590421   0.0006401355   4.05137e-05    7.28302e-05    3.60802e-05    0.000120747    1.437e-06      1.92572e-05    7.3441e-06     1.21132e-05    5.7101e-06     1.272e-05      6.0121e-06     4.7321e-06     7.5908e-06     1.27469e-05    1.7817e-06     6.1857e-06     8.079e-07      1.312e-07      4.7939e-06     4.9978e-06     7.4571e-06     2.6359e-06     5.6163e-06     7.86e-08       4.89e-08       5.58e-08       8.9e-09        2.77e-08       4e-10          
1.0000721505   0.0071329536   0.0002962679   2.42452e-05    1.3541e-06     1.9705e-05     3.0046e-05     1.1715e-06     1.14827e-05    3.0913e-06     7.843e-07      1.6066e-06     7.0334e-06     1.7163e-06     9.3457e-06     3.928e-06      9.179e-06      2.0133e-06     2.8755e-06     8.359e-07      2.1639e-06     3.896e-07      7.5168e-06     3.0618e-06     1.2048e-06     9.3e-08        4.06e-08       7e-09          1.96e-08       1.58e-08       1.24e-08       2e-10          
1.05203e-05    1.24897e-05    5.532e-07      3.8646e-06     2.0509e-06     1.8846e-06     0.0052250312   1.01528e-05    3.5012e-05     4.23186e-05    6.78754e-05    3.18491e-05    1.79935e-05    1.7273e-05     2.42456e-05    0.0002920736   0.9993099562   0.0014642611   0.0008003762   0.0019486612   0.0066107257   0.0170445914   0.0024473668   0.0180575198   0.0035083951   0.0392933101   0.0031124635   0.0005347929   0.0020798698   0.0004970335   3.99138e-05    6.0797e-06     
0.0017023406   0.1600355658   0.3941142234   0.7892740979   0.1041354157   0.4305773501   0.0013579036   7.44394e-05    0.0010350271   0.0003002619   0.0003336907   0.0021289786   0.0029079024   0.0007805793   0.0037529822   0.0006677815   6.2835e-06     1.06016e-05    4.2495e-06     6.8716e-06     4.1655e-06     2.0642e-06     4.517e-06      4.6383e-06     1.10372e-05    3.0083e-06     2.36e-08       5.6e-09        2.12e-08       3.27e-08       2.17e-08       6.2e-09        
8.968e-07      0.0382501659   0.9214368845   0.3757497812   0.0235744076   0.0882287034   7.19645e-05    0.00026559     0.0007591503   0.0004885023   0.0013199482   0.0004234977   0.0005994433   0.0008758634   0.0002242525   0.0011807938   3.92e-07       1.6283e-06     1.0968e-06     5.113e-07      1.2158e-06     2.6381e-06     5.351e-07      1.5507e-06     2.3118e-06     1.7879e-06     8e-10          2.7e-09        2.5e-09        7e-10          4.8e-09        2.4e-09        
1.0002425007   0.0190507599   0.0007921392   4.51537e-05    1.44618e-05    3.97939e-05    0.0001753056   1.2212e-06     2.58648e-05    1.08845e-05    1.25844e-05    1.1137e-06     1.86333e-05    4.8051e-06     1.9207e-06     1.18965e-05    1.2189e-05     9.205e-07      6.7449e-06     5.879e-07      1.587e-07      4.9916e-06     5.3696e-06     8.2999e-06     2.8624e-06     5.7783e-06     6.93e-08       4.95e-08       4.84e-08       1.39e-08       3.46e-08       1e-10          
1.0002308652   0.0185989363   0.0007729778   3.20776e-05    3.39963e-05    3.73095e-05    0.000168267    1.3552e-06     2.34752e-05    1.28017e-05    1.19884e-05    1.0628e-06     1.81819e-05    6.0177e-06     1.2048e-06     1.107e-05      1.22114e-05    9.847e-07      6.7242e-06     7.522e-07      9.11e-08       4.8078e-06     5.4663e-06     8.2725e-06     2.8229e-06     5.6636e-06     7.04e-08       5e-08          4.73e-08       1.43e-08       3.41e-08       1e-10          
3.2e-07        1.6248e-06     3.35271e-05    0.0001075383   0.0001095706   0.0001387171   0.0035553952   0.2657058077   0.136078877    0.6588856599   0.0548439599   0.1098691247   0.5897052073   0.2963841705   0.1451245784   0.0708625669   1.5037e-06     0.0001241215   1.31047e-05    5.6659e-06     6.20741e-05    0.0001669453   0.0001121927   5.428e-07      7.34561e-05    7.19728e-05    1.51e-08       6.19e-08       4.43e-08       8.12e-08       1.76e-08       1.671e-07      
1.000068702    0.006783784    0.000281678    1.20614e-05    5.9322e-06     1.58634e-05    2.67089e-05    7.51e-07       1.21072e-05    3.9627e-06     2.1044e-06     1.9737e-06     1.15803e-05    9.47e-08       8.1513e-06     2.8828e-06     8.1165e-06     2.6782e-06     2.6111e-06     9.361e-07      2.5618e-06     5.61e-08       6.139e-06      2.2033e-06     1.3885e-06     1.1983e-06     3.04e-08       9.5e-09        1.93e-08       1.64e-08       8e-09          1e-10          
1.0000884333   0.0088273409   0.0003667782   2.08661e-05    9.6674e-06     2.11402e-05    4.37817e-05    2.577e-06      8.8926e-06     1.00364e-05    2.4356e-06     7.2397e-06     9.6983e-06     8.6237e-06     7.9759e-06     7.5145e-06     8.4771e-06     2.1844e-06     5.7697e-06     2.47e-08       2.3016e-06     1.7156e-06     6.8263e-06     6.5839e-06     8.867e-07      1.488e-06      3.88e-08       1.8e-08        1.13e-08       1.58e-08       2.66e-08       1e-10          
1.0000584012   0.0056829127   0.0002361923   2.42335e-05    4.8648e-06     1.32563e-05    1.96626e-05    3.6457e-06     9.5636e-06     1.9498e-06     2.104e-07      1.6755e-06     1.33575e-05    3.3896e-06     8.5286e-06     2.422e-06      7.2449e-06     2.2206e-06     2.0942e-06     1.254e-07      3.5645e-06     8.963e-07      5.8947e-06     1.9438e-06     1.9769e-06     4.582e-07      2.71e-08       5.4e-09        1.37e-08       1.46e-08       3.5e-09        1e-10          
1.0028437101   0.0303568251   0.0012831606   8.23824e-05    0.0001156817   5.10891e-05    0.0003694075   2.3317e-06     2.20582e-05    7.6862e-06     1.43706e-05    2.3848e-06     2.14707e-05    3.0958e-06     5.397e-06      2.30554e-05    1.24083e-05    7.71e-07       6.7809e-06     5.96e-07       9.9e-08        5.0254e-06     5.3701e-06     8.4769e-06     2.5602e-06     5.6976e-06     7.01e-08       5.03e-08       4.68e-08       1.28e-08       3.72e-08       6e-10          
1.0001746554   0.0158949879   0.0006616642   4.19206e-05    8.96532e-05    3.18724e-05    0.0001282111   1.9499e-06     1.86008e-05    1.06147e-05    1.2932e-05     3.3255e-06     1.29186e-05    3.9954e-06     3.6981e-06     8.9441e-06     1.25546e-05    1.7746e-06     6.3728e-06     6.024e-07      3.454e-07      4.8152e-06     5.2288e-06     7.4384e-06     2.9419e-06     5.6003e-06     7.66e-08       4.8e-08        5.31e-08       9.3e-09        2.6e-08        3e-10          
1.0002591536   0.0196245719   0.0008157614   6.30341e-05    2.99629e-05    2.99886e-05    0.0001843971   1.0284e-06     2.49761e-05    6.8792e-06     1.05125e-05    1.1779e-06     1.97814e-05    5.2135e-06     1.4015e-06     1.2114e-05     1.20887e-05    8.033e-07      6.7162e-06     5.622e-07      2.045e-07      5.0085e-06     5.4094e-06     8.291e-06      2.7097e-06     5.7383e-06     6.73e-08       4.87e-08       4.74e-08       1.34e-08       3.58e-08       1e-10          
2.066e-07      1.5336e-06     4.65375e-05    0.0001413105   0.000105384    0.0002051056   0.0095857762   0.4505394139   0.2982881724   0.3169939817   0.1087847386   0.1229417863   0.3801059834   0.0783250247   0.6317314357   0.1756079678   9.796e-07      0.0001498908   3.19835e-05    0.0001976976   2.40221e-05    8.47073e-05    9.08888e-05    7.67973e-05    0.0001932734   7.69528e-05    1.575e-07      6.64e-08       2.657e-07      1.016e-07      4.3e-08        8.77e-08       
1.0001629536   0.0151567643   0.0006327397   5.4648e-05     7.69445e-05    5.36591e-05    0.0001180101   4.874e-07      1.8799e-05     7.5604e-06     1.07655e-05    7.115e-06      1.30695e-05    6.7569e-06     4.2696e-06     8.8371e-06     1.22745e-05    1.7507e-06     5.7989e-06     9.849e-07      8.08e-08       4.8399e-06     5.1495e-06     7.4967e-06     2.8411e-06     5.6853e-06     7.12e-08       4.8e-08        5.39e-08       8.6e-09        2.8e-08        3e-10          
1.0085904948   0.0314120096   0.0013274584   7.41894e-05    0.0001699496   5.13984e-05    0.0003873951   2.5911e-06     2.18797e-05    8.0975e-06     1.47307e-05    2.502e-06      2.15726e-05    3.1547e-06     5.6306e-06     2.41059e-05    1.25001e-05    7.688e-07      6.8126e-06     5.929e-07      9.85e-08       5.0551e-06     5.4065e-06     8.5313e-06     2.5767e-06     5.7326e-06     7.05e-08       5.07e-08       4.71e-08       1.28e-08       3.74e-08       6e-10          
4.9491e-06     0.0110390611   0.3424213433   0.7448980451   0.4320440977   0.3756403074   2.0457e-05     0.0003653778   5.83027e-05    0.0003432353   0.0005533063   0.0003410123   0.0001394534   1.21684e-05    0.0003387377   0.0004570061   2.081e-07      5.658e-07      8.956e-07      8.77e-08       2.077e-07      2.293e-07      9.083e-07      3.984e-07      1.1732e-06     3.949e-07      1e-10          1e-10          4e-10          4e-10          6e-10          1e-10          
1.0001010607   0.0101013837   0.0004196771   2.70221e-05    4.20669e-05    1.57214e-05    5.62436e-05    3.4418e-06     1.15387e-05    1.17458e-05    8.987e-07      3.6641e-06     1.00774e-05    1.37359e-05    5.4886e-06     9.1221e-06     7.2773e-06     1.528e-07      6.7593e-06     9.661e-07      6.434e-07      2.351e-06      6.4477e-06     5.4661e-06     2.4266e-06     3.4375e-06     2.44e-08       2.85e-08       9.2e-09        8.7e-09        1.48e-08       1e-10          
1.0019156174   0.0296213484   0.0012473328   7.27051e-05    7.94499e-05    5.04951e-05    0.0003563411   2.1372e-06     2.23239e-05    7.5084e-06     1.42731e-05    2.3884e-06     2.1573e-05     2.8498e-06     5.1533e-06     2.23278e-05    1.23806e-05    7.762e-07      6.781e-06      6.01e-07       9.92e-08       5.0187e-06     5.3605e-06     8.466e-06      2.5557e-06     5.6911e-06     7e-08          5.02e-08       4.68e-08       1.28e-08       3.72e-08       5e-10          
1.14736e-05    0.0058139715   0.155175366    0.838395272    0.214122598    0.4766319495   2.95983e-05    0.0002501336   0.0008170704   0.0003264369   0.0021696839   0.0013981673   0.0003106069   0.0002477843   0.0005663356   0.0006589748   1.2135e-06     1.9256e-06     9.666e-07      2.4801e-06     2.4217e-06     3.4374e-06     1.6608e-06     4.0791e-06     2.4651e-06     3.6853e-06     1.2e-09        1.6e-09        9e-09          5.9e-09        4.8e-09        3.5e-09        
0.0017335407   0.6416962703   0.2426102039   0.5834044947   0.124769907    0.4164848457   0.001911289    0.0001133179   0.000651741    5.7777e-05     0.0002719575   5.63278e-05    0.0009631158   0.0002808066   0.0005775281   0.0002525524   2.968e-06      3.5884e-06     1.2845e-06     3.162e-07      1.6059e-06     1.4862e-06     9.203e-07      6.687e-07      3.3671e-06     2.4418e-06     2.4e-09        9e-10          2.9e-09        1.2e-09        3.9e-09        1.3e-09        
0.0            0.0            0.0            0.0            0.0            0.0            0.0            0.0            0.0            0.0            0.0            0.0            0.0            0.0            0.0            0.0            0.0            0.0            0.0            0.0            0.0            0.0            0.0            0.0            0.0            0.0            0.0            0.0            0.0            0.0            0.0            0.0            
1.0000152477   0.0013680079   5.7234e-05     2.4267e-06     4.044e-07      2.9009e-06     1.1773e-06     1.863e-07      3.284e-07      1.4898e-06     3.308e-07      4.83e-08       7.554e-07      5.809e-07      6.061e-07      8.681e-07      1.75e-08       2.807e-07      5.66e-07       2.875e-07      2.519e-07      1.918e-07      1.58e-07       6.07e-08       4.983e-07      3.155e-07      1e-10          2e-10          2e-10          2e-10          4e-10          0.0            
1.0001654331   0.0153302548   0.0006391571   4.24642e-05    8.26198e-05    3.47883e-05    0.0001203895   1.4083e-06     1.86976e-05    7.1363e-06     1.25288e-05    5.8517e-06     1.2879e-05     6.4549e-06     4.9741e-06     7.7888e-06     1.27359e-05    1.7676e-06     6.1098e-06     8.349e-07      1.023e-07      4.8646e-06     4.9551e-06     7.5425e-06     2.7276e-06     5.6592e-06     7.81e-08       4.9e-08        5.63e-08       9.2e-09        2.81e-08       4e-10          
4.09303e-05    0.0146168228   0.3772294489   0.297387613    0.229453968    0.8465412487   0.0001247442   0.0008137877   0.0007165934   0.0003873213   0.00548842     0.0018480808   0.00214436     0.0002148062   0.0017832445   0.0022550502   1.29983e-05    1.86236e-05    1.22985e-05    1.2477e-05     2.8684e-06     1.11324e-05    3.465e-07      1.94767e-05    2.5337e-06     2.4362e-06     8.77e-08       3.48e-08       3.26e-08       3.64e-08       5.19e-08       2.53e-08       
1.0013456555   0.0286935186   0.0012141655   6.69642e-05    0.000153586    4.65126e-05    0.0003397742   2.4327e-06     2.20419e-05    7.9046e-06     1.45595e-05    2.2379e-06     2.13765e-05    2.8469e-06     5.3631e-06     2.14912e-05    1.23487e-05    7.825e-07      6.784e-06      6.103e-07      1.011e-07      5.0179e-06     5.3517e-06     8.4563e-06     2.551e-06      5.6911e-06     6.99e-08       5.02e-08       4.68e-08       1.29e-08       3.72e-08       5e-10          
1.0002477092   0.0192377148   0.0008001039   6.53121e-05    1.55155e-05    4.19728e-05    0.0001782453   1.557e-06      2.49994e-05    9.0252e-06     1.20356e-05    1.3043e-06     1.92716e-05    4.7589e-06     3.213e-06      1.20433e-05    1.22475e-05    8.381e-07      6.7518e-06     5.796e-07      1.987e-07      5.0741e-06     5.3423e-06     8.3276e-06     2.7946e-06     5.785e-06      6.98e-08       4.93e-08       4.93e-08       1.41e-08       3.58e-08       1e-10          
1.0011883964   0.0282957997   0.0011955199   6.47409e-05    0.0001555126   5.73682e-05    0.0003326613   2.5149e-06     2.19771e-05    7.9109e-06     1.4379e-05     2.1764e-06     2.11578e-05    2.9057e-06     5.2496e-06     2.1186e-05     1.23307e-05    7.859e-07      6.7855e-06     6.13e-07       1.022e-07      5.0177e-06     5.3485e-06     8.452e-06      2.549e-06      5.6906e-06     6.98e-08       5.01e-08       4.68e-08       1.29e-08       3.72e-08       4e-10          
1.0015668583   0.0291299587   0.0012329113   7.13067e-05    0.000143386    5.05591e-05    0.000347563    2.3996e-06     2.20067e-05    7.7945e-06     1.46033e-05    2.3076e-06     2.15283e-05    2.9123e-06     5.4548e-06     2.1879e-05     1.23606e-05    7.783e-07      6.782e-06      6.069e-07      1.006e-07      5.0186e-06     5.3556e-06     8.461e-06      2.5529e-06     5.6917e-06     6.99e-08       5.02e-08       4.68e-08       1.29e-08       3.72e-08       5e-10          
1.0000184498   0.0016871909   7.06814e-05    2.0875e-06     1.3985e-06     4.2328e-06     1.7727e-06     2.795e-07      8.54e-07       2.4201e-06     5.406e-07      2.07e-07       4.01e-08       5.906e-07      6.64e-07       1.17e-07       6.77e-08       2.984e-07      1.092e-07      9.25e-08       4.752e-07      4.926e-07      1.5708e-06     3.344e-07      6.58e-08       1.483e-07      2e-10          4e-10          0.0            0.0            5e-10          0.0            
9e-07          0.0091422268   0.2164381025   0.7704841224   0.5880489273   0.116759711    4.4851e-06     0.0002064264   4.95994e-05    0.0001802627   0.0001003366   0.0003041784   0.0001264726   0.0001175841   0.0003862109   0.0001075676   2.292e-07      4.401e-07      5.823e-07      3.142e-07      6.829e-07      3.698e-07      3.369e-07      3.88e-07       9.22e-08       1.241e-07      3e-10          0.0            2e-10          1e-10          0.0            0.0            
5.19643e-05    0.0329467363   0.7599690595   0.5057971487   0.1281792081   0.3863188332   0.000121861    0.0001248204   0.0026406092   0.0005904994   0.0019055626   0.0012309036   0.0032601348   0.0022813807   0.0006619144   0.0018960758   6.777e-07      3.0693e-06     1.30487e-05    3.7988e-06     6.7192e-06     1.90007e-05    6.3994e-06     3.0246e-06     7.4729e-06     6.7174e-06     1.87e-08       1.74e-08       3.94e-08       1.13e-08       2.69e-08       7.9e-09        
0.0            0.0            0.0            0.0            0.0            0.0            0.0            0.0            0.0            0.0            0.0            0.0            0.0            0.0            0.0            0.0            0.0            0.0            0.0            0.0            0.0            0.0            0.0            0.0            0.0            0.0            0.0            0.0            0.0            0.0            0.0            0.0            
1.000851592    0.0270242609   0.0011285205   3.85877e-05    0.0001028008   4.40853e-05    0.0003100865   2.3856e-06     2.2456e-05     7.5925e-06     1.40055e-05    2.5959e-06     2.16765e-05    2.5596e-06     4.5999e-06     2.00164e-05    1.23165e-05    7.962e-07      6.7952e-06     6.225e-07      1.031e-07      5.008e-06      5.3385e-06     8.4448e-06     2.5425e-06     5.6881e-06     6.98e-08       5.01e-08       4.68e-08       1.3e-08        3.72e-08       4e-10          
1.000165615    0.0153446507   0.0006395853   3.91092e-05    7.76848e-05    3.52034e-05    0.0001205477   1.4243e-06     1.88234e-05    7.1573e-06     1.24325e-05    5.799e-06      1.28576e-05    6.3742e-06     4.9369e-06     7.7347e-06     1.27462e-05    1.8236e-06     6.1433e-06     8.246e-07      1.198e-07      4.8245e-06     4.9927e-06     7.5514e-06     2.6644e-06     5.643e-06      7.86e-08       4.92e-08       5.58e-08       8.7e-09        2.82e-08       4e-10          
0.0004508436   0.999517483    0.0299951109   0.0040405415   0.007099317    0.0016745666   0.0005559323   9.49e-07       1.5062e-06     4.957e-07      1.5301e-06     1.2518e-06     1.824e-07      1.9556e-06     2.7066e-06     3.19404e-05    2.655e-07      2.325e-07      1.14e-07       7.09e-08       2.01e-08       3.453e-07      1.023e-07      3.48e-08       8.87e-08       2.213e-07      1e-10          1e-10          0.0            0.0            1e-10          0.0            
1.0001193045   0.0118294516   0.0004924314   1.78744e-05    1.34221e-05    3.23166e-05    7.60702e-05    7.069e-07      1.49765e-05    8.103e-06      7.2813e-06     9.9234e-06     1.39542e-05    1.03121e-05    5.5273e-06     8.6587e-06     9.3645e-06     2.9341e-06     6.1878e-06     2.679e-07      5.385e-07      3.8369e-06     5.0284e-06     5.4779e-06     2.1585e-06     3.4658e-06     4.76e-08       2.49e-08       2.51e-08       5.7e-09        1.38e-08       2e-10          
0.0031899147   0.9953890222   0.0487786547   0.0311027461   0.0326470242   0.0692969932   0.0034464823   1.73901e-05    6.52941e-05    4.7685e-06     0.0001973051   1.95684e-05    2.45873e-05    5.41687e-05    8.29354e-05    9.33518e-05    6.2165e-06     4.0169e-06     1.493e-07      9.817e-07      5.118e-07      4.445e-07      6.4e-07        1.3349e-06     1.068e-07      1.6192e-06     5.9e-09        1.3e-09        4.6e-09        1.2e-09        4.4e-09        1.2e-09        
1.0005401445   0.024774285    0.0010353775   1.2836e-05     6.24743e-05    0.0001119892   0.0002705055   2.6849e-06     2.17936e-05    6.2912e-06     1.37848e-05    1.9639e-06     2.06369e-05    2.3982e-06     4.113e-06      1.79212e-05    1.22626e-05    8.079e-07      6.7949e-06     6.396e-07      1.14e-07       5.0126e-06     5.3287e-06     8.4287e-06     2.525e-06      5.68e-06       6.97e-08       4.99e-08       4.69e-08       1.31e-08       3.74e-08       2e-10          
1.0002357509   0.0187932973   0.0007814575   3.1918e-05     8.2826e-06     3.21937e-05    0.0001712846   8.632e-07      2.38701e-05    1.20559e-05    1.23526e-05    1.3165e-06     1.87924e-05    4.9515e-06     1.5174e-06     1.15704e-05    1.21345e-05    9.315e-07      6.7953e-06     6.66e-07       1.042e-07      5.0244e-06     5.4446e-06     8.2759e-06     2.8168e-06     5.7865e-06     6.84e-08       4.97e-08       4.8e-08        1.37e-08       3.5e-08        1e-10          
1.0001759252   0.0159641471   0.0006644852   4.38019e-05    8.24023e-05    2.64335e-05    0.0001291912   2.0829e-06     1.81463e-05    9.6768e-06     1.29267e-05    2.7441e-06     1.26037e-05    3.7055e-06     2.7794e-06     8.9922e-06     1.27075e-05    1.8595e-06     6.34e-06       6.06e-07       2.908e-07      4.8352e-06     5.3369e-06     7.4786e-06     2.867e-06      5.6425e-06     7.86e-08       4.86e-08       5.46e-08       8.5e-09        2.66e-08       3e-10          
1.00542e-05    6.58502e-05    0.0017180164   0.0005713296   7.92936e-05    0.0037928887   0.0207608662   0.0901191534   0.1287286839   0.1510912847   0.4162010307   0.3387859928   0.37502173     0.0947408966   0.6067865089   0.3828669236   1.42628e-05    0.0022241013   0.0006541707   0.0015310311   0.0004253658   0.0004384567   0.0004479966   0.0014378708   0.0007709637   0.0005108235   2.087e-06      1.3457e-06     3.2501e-06     5.7419e-06     3.3636e-06     4.2389e-06     
7.93119e-05    0.1097958191   0.1770057964   0.324753369    0.9006551073   0.1999413652   8.68939e-05    0.0002139569   0.000233022    0.0003077411   0.0001090038   7.24788e-05    0.0001295232   1.60175e-05    1.13104e-05    0.0001614115   2.692e-07      4.229e-07      2.051e-07      6.27e-08       6.28e-08       1.938e-07      2.106e-07      4.97e-08       1.291e-07      2.133e-07      1e-10          0.0            1e-10          1e-10          0.0            0.0            
1.0001803205   0.016223856    0.0006750863   2.18503e-05    7.81027e-05    2.64572e-05    0.0001328371   1.3499e-06     1.70509e-05    1.06345e-05    1.23986e-05    2.7211e-06     1.238e-05      4.2891e-06     2.9719e-06     9.8921e-06     1.25573e-05    1.6412e-06     6.4717e-06     5.406e-07      1.606e-07      4.751e-06      5.3492e-06     7.5336e-06     2.9048e-06     5.5691e-06     7.67e-08       4.78e-08       5.24e-08       1e-08          2.68e-08       3e-10          
1.0001002906   0.0100441888   0.0004172798   2.24143e-05    3.75527e-05    1.75281e-05    5.5656e-05     3.6997e-06     1.22156e-05    1.08444e-05    8.176e-07      3.209e-06      9.8548e-06     1.40422e-05    6.3106e-06     8.3806e-06     7.3308e-06     6.833e-07      7.0418e-06     4.843e-07      7.341e-07      2.795e-06      6.5916e-06     5.7597e-06     2.3613e-06     3.3552e-06     2.62e-08       2.7e-08        8.8e-09        5.1e-09        1.63e-08       1e-10          
6.245e-07      5.1766e-06     0.0001281326   0.0002117556   0.00011963     0.0001808567   0.0089233799   0.5419516945   0.6128521737   0.2630411826   0.0517426648   0.090988264    0.0140113448   0.4458909394   0.1545269923   0.1662179608   4.0976e-06     0.0001037626   0.000259192    1.68167e-05    9.52297e-05    4.3579e-06     0.000112024    0.0003765301   6.09048e-05    0.0001803283   5.205e-07      3.19e-08       7.996e-07      1.747e-07      1.716e-07      9.819e-07      
0.0005172033   0.0305098128   0.7425826788   0.3927760761   0.0342887692   0.5431997544   0.0003072684   0.0019021998   0.0020580153   0.0016240738   0.0077181242   0.0006024775   0.000341032    0.0019551685   0.00163245     0.0052419941   1.72168e-05    3.44489e-05    1.97914e-05    1.80824e-05    6.9481e-06     2.82818e-05    3.6322e-06     3.0906e-05     8.8899e-06     1.894e-05      1.128e-07      2.87e-08       9.23e-08       9.83e-08       1.551e-07      2.3e-08        
6.92483e-05    0.0145464525   0.3593727323   0.9152299177   0.1405394428   0.1158438474   6.08453e-05    0.0001161284   0.001401473    0.0012494083   0.0023258482   0.0038118243   0.0016792657   0.0015346826   0.0031353712   0.0003507031   7.1704e-06     8.5958e-06     2.8979e-06     7.7027e-06     4.5936e-06     6.4392e-06     4.0114e-06     1.4679e-05     1.39795e-05    1.9403e-06     2.74e-08       2.11e-08       4.25e-08       2.47e-08       3.13e-08       6e-10          
0.0004146507   0.1327844418   0.3358859195   0.487719568    0.6183813374   0.4993117237   0.0004575376   0.000566494    0.0010909629   0.0005816093   0.0004544983   0.0001734126   0.0010914361   0.0004661661   0.0001817918   1.7898e-05     7.31e-07       3.4062e-06     6.923e-07      1.2752e-06     5.079e-07      1.4043e-06     9.167e-07      1.139e-07      3.0849e-06     1.8836e-06     7e-10          8e-10          1.3e-09        9e-10          2.3e-09        7e-10          
3.871e-07      6.7575e-06     0.0005225053   7.58553e-05    0.0002174975   0.0002703901   0.01682163     0.0599265745   0.3737373376   0.1427648828   0.3545316603   0.1116312006   0.0106009876   0.600432133    0.0338866056   0.5798204856   3.64018e-05    0.000226228    0.0002954587   2.1545e-06     0.0003442364   0.0002156511   0.0002304994   0.0002152155   0.000191398    0.0004208186   6.614e-07      3.992e-07      8.48e-07       6.552e-07      3.149e-07      2.211e-07      
0.0067534391   0.9991378915   0.0414639492   0.0010199677   0.0004022924   0.0015490578   0.0062342578   2.0327e-05     1.05876e-05    2.9535e-06     9.1542e-06     3.86033e-05    2.1351e-06     6.0073e-06     8.354e-06      0.0003707188   1.97895e-05    7.2197e-06     3.1647e-06     1.347e-07      2.4881e-06     3.005e-06      4.7014e-06     2.5571e-06     3.282e-07      4.546e-07      3.45e-08       6.6e-09        2.5e-08        9.2e-09        1.05e-08       4.2e-09        
1.0000477079   0.0045823953   0.0001904514   1.34219e-05    2.4318e-06     9.7793e-06     1.27924e-05    6.3744e-06     5.5156e-06     7.6212e-06     1.8131e-06     4.2812e-06     8.8912e-06     1.9006e-06     2.406e-06      7.189e-07      5.7583e-06     3.304e-07      1.1195e-06     1.8868e-06     3.0577e-06     2.0679e-06     2.5744e-06     2.746e-07      3.481e-07      2.2776e-06     1.64e-08       1.9e-09        1.69e-08       1e-10          4.1e-09        0.0            
1.0015994726   0.0291865924   0.0012359213   7.04375e-05    0.0001321654   5.62137e-05    0.0003485816   2.3101e-06     2.20587e-05    7.7264e-06     1.46663e-05    2.3163e-06     2.15953e-05    2.8989e-06     5.4617e-06     2.1897e-05     1.23657e-05    7.775e-07      6.782e-06      6.065e-07      1.003e-07      5.0186e-06     5.3561e-06     8.4619e-06     2.5534e-06     5.6913e-06     6.99e-08       5.02e-08       4.68e-08       1.29e-08       3.72e-08       5e-10          
3.6969e-06     0.0169446898   0.3650426385   0.3761280215   0.2712075632   0.8071286172   1.84166e-05    5.19725e-05    0.0004285251   0.0004364997   0.0003480546   0.0004209305   0.0011683067   0.0005336772   0.0006908429   0.0002510627   1.597e-07      1.3926e-06     2.438e-06      1.5893e-06     2.0769e-06     1.1935e-06     4.571e-07      2.5168e-06     1.5202e-06     6.105e-07      1.4e-09        1e-09          1e-09          1.2e-09        3.5e-09        8e-10          
0.0031182045   0.9755404587   0.11865572     0.0555506457   0.1721544833   0.0391574246   0.0033567669   0.0001723337   5.55866e-05    0.0002642802   2.60358e-05    5.73088e-05    0.0001130429   7.52025e-05    0.000157614    0.0003745435   6.0514e-06     3.0284e-06     2.94e-08       8.87e-07       1.044e-07      3.943e-07      6.713e-07      2.1549e-06     3.926e-07      1.756e-06      5.8e-09        7e-10          4.3e-09        2e-09          5.5e-09        1.6e-09        
1.0015725991   0.0291409503   0.0012323881   7.06152e-05    0.0001421097   5.20746e-05    0.0003477613   2.3859e-06     2.20315e-05    7.7963e-06     1.46134e-05    2.3198e-06     2.15568e-05    2.8836e-06     5.4528e-06     2.1891e-05     1.23617e-05    7.782e-07      6.7821e-06     6.068e-07      1.005e-07      5.0184e-06     5.3556e-06     8.4612e-06     2.553e-06      5.6918e-06     6.99e-08       5.02e-08       4.68e-08       1.29e-08       3.72e-08       5e-10          
1.0002260398   0.0184138878   0.000765529    4.21435e-05    3.70158e-05    3.41168e-05    0.0001654051   2.3979e-06     2.27487e-05    1.26779e-05    1.20473e-05    9.613e-07      1.91384e-05    5.5221e-06     2.3113e-06     1.07099e-05    1.21687e-05    9.913e-07      6.7723e-06     6.876e-07      7.38e-08       4.6918e-06     5.397e-06      8.2714e-06     2.8049e-06     5.7331e-06     7.03e-08       5.08e-08       4.63e-08       1.39e-08       3.33e-08       1e-10          
4.19144e-05    0.0146168159   0.3772294623   0.2973876369   0.2294539832   0.8465412842   0.0001247429   0.0008137899   0.0007165955   0.0003873163   0.0054884212   0.0018480815   0.0021443612   0.000214812    0.0017832408   0.0022550492   1.29984e-05    1.85953e-05    1.2285e-05     1.24763e-05    2.8396e-06     1.11095e-05    3.531e-07      1.94827e-05    2.5383e-06     2.4446e-06     8.76e-08       3.48e-08       3.26e-08       3.64e-08       5.2e-08        2.53e-08       
2.09807e-05    0.0303432654   0.7037290426   0.4012762185   0.560867804    0.1685555873   9.06548e-05    0.0011254269   0.0033049287   0.0010641749   0.0030204339   0.0010326608   0.0024294667   0.0020718517   0.0007472218   0.0013282624   7.403e-07      4.6648e-06     1.4451e-05     5.0478e-06     9.6173e-06     2.2374e-05     3.5979e-06     5.2142e-06     7.3625e-06     6.8192e-06     2.71e-08       4.6e-09        4.9e-08        3.6e-09        2.97e-08       8.8e-09        
1.0015274054   0.0290609447   0.0012313262   6.70446e-05    0.0001510697   5.28877e-05    0.0003463267   2.4109e-06     2.19453e-05    7.8342e-06     1.47248e-05    2.3052e-06     2.15196e-05    2.9158e-06     5.4713e-06     2.18093e-05    1.23566e-05    7.785e-07      6.7822e-06     6.078e-07      1.008e-07      5.0188e-06     5.355e-06      8.4608e-06     2.5522e-06     5.6917e-06     6.99e-08       5.02e-08       4.68e-08       1.29e-08       3.72e-08       5e-10          
2.27809e-05    0.009426534    0.240728123    0.7937014729   0.3347484467   0.4472239644   7.72092e-05    0.0012194639   0.0002736431   0.0009275271   0.0022163683   0.0015724758   0.0003789582   0.0001916111   0.0012508097   0.0014806268   5.3584e-06     2.7138e-06     3.8676e-06     2.4087e-06     2.7329e-06     1.6023e-06     3.612e-06      6.4004e-06     4.2629e-06     5.5666e-06     2.63e-08       4.3e-09        1.64e-08       1.5e-09        8.1e-09        6.4e-09        
1.0001615239   0.0150693596   0.0006296636   5.63197e-05    7.77998e-05    5.16599e-05    0.0001168191   8.548e-07      1.78722e-05    6.6876e-06     1.04752e-05    6.2816e-06     1.39528e-05    6.3901e-06     3.954e-06      7.6808e-06     1.22664e-05    1.7121e-06     5.7027e-06     1.1376e-06     1.31e-07       5.0018e-06     5.1861e-06     7.511e-06      3.0066e-06     5.5907e-06     7.04e-08       4.71e-08       5.48e-08       9.8e-09        2.86e-08       3e-10          
1.0015725991   0.0291409503   0.0012323881   7.06152e-05    0.0001421097   5.20746e-05    0.0003477613   2.3859e-06     2.20315e-05    7.7963e-06     1.46134e-05    2.3198e-06     2.15568e-05    2.8836e-06     5.4528e-06     2.1891e-05     1.23617e-05    7.782e-07      6.7821e-06     6.068e-07      1.005e-07      5.0184e-06     5.3556e-06     8.4612e-06     2.553e-06      5.6918e-06     6.99e-08       5.02e-08       4.68e-08       1.29e-08       3.72e-08       5e-10          
5.15343e-05    0.0152475833   0.3853317341   0.8298227659   0.3561150318   0.1897254819   5.08776e-05    0.0009263429   0.0002935898   0.0005721595   0.0001394927   0.0026396066   0.0021477755   0.0010745902   0.0038844175   7.21384e-05    6.3439e-06     8.5126e-06     5.2054e-06     6.457e-06      3.6637e-06     1.755e-06      5.5853e-06     6.8113e-06     9.7485e-06     5.4008e-06     3.11e-08       4.2e-09        3.52e-08       2.72e-08       1.12e-08       2e-09          
1.0000153123   0.001368008    5.72382e-05    2.462e-06      2.982e-07      2.8593e-06     1.1775e-06     1.763e-07      2.662e-07      1.4706e-06     3.339e-07      6.7e-08        7.392e-07      6.251e-07      6.724e-07      8.952e-07      2.22e-08       2.742e-07      5.183e-07      2.437e-07      2.432e-07      2.179e-07      1.332e-07      4.67e-08       4.916e-07      2.562e-07      1e-10          1e-10          2e-10          2e-10          4e-10          0.0            
1.0000407623   0.003854625    0.0001604162   9.9105e-06     1.3137e-06     7.3198e-06     9.3791e-06     3.8929e-06     1.6419e-06     7.4221e-06     1.4433e-06     4.7584e-06     5.3832e-06     2.2095e-06     3.61e-06       4.5512e-06     3.6843e-06     6.489e-07      2.048e-06      6.548e-07      1.3892e-06     1.5012e-06     2.1602e-06     1.6719e-06     4.22e-07       2.991e-06      6.7e-09        4.1e-09        1.16e-08       2.2e-09        1.3e-09        0.0            
1.0003163606   0.0212369393   0.0008832953   4.10054e-05    3.29409e-05    3.79874e-05    0.0002104832   2.3203e-06     2.26077e-05    6.1505e-06     1.35495e-05    1.7124e-06     2.00031e-05    4.849e-06      2.4732e-06     1.49604e-05    1.22146e-05    7.594e-07      6.8415e-06     6.282e-07      1.346e-07      4.9645e-06     5.3651e-06     8.3698e-06     2.5153e-06     5.6258e-06     6.99e-08       4.91e-08       4.68e-08       1.39e-08       3.71e-08       1e-10          
1.08172e-05    0.0003376851   0.0006690191   0.0019990713   0.0003280695   0.0022023505   0.0700330742   0.0873912906   0.1996810025   0.2120543863   0.037757825    0.097379604    0.8440069259   0.1001634153   0.2608799923   0.3186223455   0.0002234033   0.0014519904   0.0008779445   0.0002360079   0.0005072366   0.0015877403   0.0001802324   0.0001127099   0.0011644833   0.0003242716   4.5958e-06     2.0791e-06     3.2214e-06     4.0095e-06     3.14e-06       2.7284e-06     
