   0.992905  0.00708651 6.60236e-09  5.1819e-10  2.6478e-10 8.07269e-08 3.69645e-08 1.35527e-09 8.42657e-06  7.7066e-09 2.39845e-08 6.63981e-11 1.72901e-07 1.86717e-07 6.33757e-12 1.94183e-10 3.21411e-11 2.76699e-11 1.13801e-10 1.80368e-11 3.90524e-12 3.66427e-11 3.28832e-11 1.75846e-10 2.08049e-11 2.66462e-09   3.434e-13 2.55206e-16 9.99521e-16 1.22921e-14 1.78272e-15 1.94689e-17
          1 7.79913e-08 3.18652e-16 9.53188e-15 1.74111e-15 2.42806e-15 1.13271e-17 3.93239e-15 2.66507e-15 5.68886e-18 2.92918e-16 2.81156e-17 1.18655e-16 5.14967e-17 9.01168e-17 8.84673e-16 1.05333e-15 1.03216e-21 1.32145e-15 8.10588e-16  3.3415e-16 1.13041e-16 1.00144e-16 4.45274e-19 5.24292e-16 6.96196e-16 2.37674e-23 2.25205e-24 1.36589e-23  7.8035e-23 1.46988e-23 1.09901e-30
   0.999702 0.000297887 2.46904e-12 1.66032e-10 3.39451e-11  7.4812e-11 2.38824e-10 6.40429e-12 2.85665e-08 6.34047e-11 1.05547e-10 3.11751e-11 5.91505e-10 6.34387e-10 4.58947e-11 6.08613e-11 1.31285e-12 4.41543e-12 2.81599e-11  1.6937e-11 1.15809e-13 3.04126e-14 1.82387e-11 8.17525e-11 2.29586e-11 7.80809e-12 4.96026e-16 2.13266e-16 1.58363e-15 5.31055e-17 1.50137e-15 1.32639e-20
   0.988068   0.0119119 4.40595e-08 8.64447e-08  3.2168e-08  4.8307e-08 8.16868e-08    1.01e-09 1.87315e-05  1.7155e-08 5.33141e-08 3.11219e-11 3.84193e-07 4.14558e-07  1.8267e-10 1.97691e-10 3.22378e-11  3.1327e-11 1.16717e-10 2.33691e-11 5.25445e-12 2.86083e-11 7.96585e-11 2.65753e-10 2.59982e-11 6.93093e-09 1.00354e-12 6.96753e-16 8.81213e-16 1.15349e-14 1.76251e-15 6.79445e-17
   0.987556   0.0124224 3.03534e-08 9.98855e-08 2.34647e-08 8.12089e-08 8.68932e-08 1.09593e-09 1.99282e-05 1.82388e-08 5.67249e-08 2.39407e-11 4.08709e-07 4.40932e-07 1.98457e-10 2.45615e-10 3.23561e-11 3.12426e-11 1.16792e-10 2.38215e-11 5.44211e-12 2.80814e-11 8.53794e-11 2.76838e-10 2.66768e-11 7.45305e-09 1.08764e-12 7.47107e-16 8.90458e-16 1.14284e-14 1.75157e-15 7.43533e-17
1.44605e-11  2.8958e-08    0.206568     0.67695   0.0390816   0.0769503 1.53307e-05 3.74671e-05 2.56537e-06 8.86351e-05  4.2519e-06 8.14683e-05  1.1712e-06 4.65256e-05  6.6186e-05 0.000106942 5.14181e-09 8.02591e-11 4.26547e-09 1.23764e-08 2.78067e-09 1.05222e-08 4.37575e-09 2.63435e-10 7.74361e-09 1.89788e-11 2.97795e-16 4.95877e-14 5.56173e-13 5.62939e-14 9.76888e-13 4.81821e-15
3.50333e-11 7.74459e-12    0.401072    0.441799    0.145993   0.0110731 7.53851e-07 5.69172e-06 9.52672e-07 1.92832e-06 1.11012e-06 2.04257e-05 4.22909e-06 1.25378e-05 1.52441e-05  1.1022e-07 2.71342e-11 1.43338e-10 7.81503e-11 4.44154e-10  4.7393e-11 5.03364e-10 6.51147e-12 6.48428e-13 5.57122e-11 1.76152e-12 1.20156e-16 4.53465e-15  2.0824e-15 2.58319e-15 1.97197e-15 4.20622e-17
   0.998776  0.00122355  1.7608e-09  2.3108e-09 6.37761e-10 4.15327e-09 1.78349e-09 2.40877e-10  4.0608e-07 4.51173e-10 1.17304e-09 3.47746e-10 8.53364e-09 9.14285e-09 5.53404e-10 1.76868e-10 3.26405e-11  1.5884e-11 1.85881e-10 2.12376e-11 1.88522e-12 1.70468e-11 8.22254e-13 1.31933e-10 5.45506e-12 7.51646e-11 1.18545e-14 1.55149e-16 5.06334e-16 1.74922e-14  2.2032e-15 5.54066e-19
   0.991777  0.00821144 1.20288e-08     1.9e-09 1.08959e-08 8.27697e-08 4.64265e-08 1.07954e-09 1.06317e-05 9.70582e-09 3.02647e-08 3.77724e-11 2.18147e-07 2.35457e-07 8.34023e-12 1.39431e-10 3.29429e-11  2.8722e-11 1.15542e-10  1.9403e-11 4.26785e-12  3.4751e-11 4.22916e-11 1.92987e-10 2.16462e-11 3.53207e-09 4.72225e-13 3.43993e-16 9.55641e-16 1.22853e-14 1.72999e-15 2.88008e-17
   0.999916  8.3585e-05 1.84274e-11  4.6336e-13 3.84135e-11 3.68245e-11 2.06846e-11 4.76904e-12  2.4407e-09 5.39954e-12 2.97683e-11 2.54805e-11 5.51614e-11  7.1439e-11 1.49022e-12 7.59458e-12 8.27506e-12  1.1088e-11 2.47625e-11 2.10172e-12 2.60959e-14 1.21397e-12 7.32054e-12 1.86038e-11 1.46368e-13 7.69004e-13 1.46932e-17 1.41425e-18 1.00123e-16 6.52801e-16 4.02696e-16 8.92017e-22
   0.990234  0.00975089  2.9288e-08 1.45732e-07 4.77597e-09 6.89227e-08 6.04463e-08 9.99904e-10 1.38634e-05 1.26774e-08 3.94819e-08 3.25865e-12 2.84388e-07 3.07079e-07 2.00621e-10  3.6773e-10 3.24299e-11 2.97603e-11 1.16979e-10 2.12443e-11 4.85033e-12 3.07127e-11 5.66203e-11  2.2177e-10 2.28717e-11 4.85532e-09 6.74893e-13 4.89054e-16 9.00542e-16 1.19351e-14  1.6608e-15 4.27922e-17
   0.996371  0.00362621 8.12833e-08 1.89953e-09 7.03725e-09 1.15242e-08 1.21008e-08 8.17762e-10 2.78526e-06 2.66651e-09 8.00434e-09 1.56371e-12 5.70928e-08 6.17566e-08 5.98413e-11 6.48107e-10 2.86368e-11 2.27316e-11   1.195e-10 1.70817e-11 3.06639e-12 4.00429e-11 1.03046e-11 1.38523e-10 1.68281e-11 6.78758e-10 7.45238e-14 4.58025e-17 1.17364e-15 1.24875e-14    1.01e-15 2.56053e-18
   0.999867 0.000133491 6.66131e-10 6.77727e-13 1.66583e-12 2.00214e-10 5.13407e-11 9.17769e-12 6.06783e-09 2.48213e-11 5.32298e-11 4.06884e-13 1.26139e-10 1.35426e-10 3.27422e-11 5.94772e-13 1.39635e-11 1.12003e-15 6.12862e-11 9.77484e-12 5.95948e-13 8.29478e-13 3.33621e-13 2.85486e-11 2.81456e-13 4.23764e-13 3.41346e-18 1.01556e-16 2.93043e-18 1.70528e-15 1.03695e-15 1.85345e-22
   0.993674  0.00631827 3.36415e-09 2.01639e-08 9.55311e-10  2.6244e-08 3.07988e-08 1.59698e-09 7.01081e-06 6.43845e-09 1.99412e-08 7.96053e-11 1.43894e-07 1.55265e-07 2.45046e-12 1.83151e-10 3.21721e-11  2.7325e-11 1.12807e-10 1.73723e-11 3.47317e-12  3.8149e-11 2.71633e-11 1.63352e-10 2.06535e-11 2.12884e-09  2.6637e-13 2.05325e-16 1.00629e-15 1.25848e-14 1.83276e-15 1.45245e-17
 2.7711e-12 1.23272e-11 8.18737e-06 2.62734e-06 1.70199e-06 2.36147e-06    0.070103    0.406051 0.000771951     0.12874  0.00124928  0.00128666    0.116535    0.102039    0.131316   0.0418763 8.25812e-07 1.24162e-06 2.58299e-06 9.56831e-07 1.69036e-07 7.67892e-07 1.45242e-06 4.59151e-06 4.48873e-06 2.35871e-08 5.35294e-12 3.35799e-13 5.74769e-11 1.61578e-11 1.63525e-11 7.99908e-12
   0.989614   0.0103695  5.3275e-09 1.59677e-07 1.42282e-08 9.14314e-08 6.65066e-08 1.29132e-09 1.52215e-05 1.39228e-08 4.33358e-08  4.2114e-12 3.12214e-07 3.37005e-07 2.17986e-10 4.04061e-10 3.21451e-11 2.97449e-11 1.16322e-10 2.15243e-11 5.14426e-12 2.99019e-11 6.29229e-11 2.34549e-10  2.4023e-11 5.42639e-09 7.64296e-13 5.48093e-16  9.3066e-16 1.16918e-14 1.67427e-15 4.93227e-17
6.36516e-14  1.7339e-09    0.434615   0.0679829    0.256085    0.241299 4.84864e-06 5.26431e-06 3.16142e-12  4.4751e-06 1.04398e-08 4.77787e-08 1.24481e-06 8.70688e-08 1.23696e-06 1.54179e-07   1.064e-11  2.5873e-12 7.23555e-12  1.3967e-11 1.04433e-11 1.20453e-11 6.42679e-13 2.14552e-11 3.39456e-11 3.12433e-12 1.47186e-16 4.26093e-17  1.2288e-16 1.13201e-17 1.87367e-17 6.97891e-18
9.80973e-13 1.74739e-10  3.1606e-05 4.14679e-05 1.59552e-05 5.31117e-06   0.0259463     0.17162  0.00165343   0.0560913     0.39876    0.153209   0.0910101   0.0542567  0.00922414   0.0380702 1.31594e-07  5.6322e-07 2.51117e-05 1.26175e-05 8.65217e-06 1.25005e-08 8.00778e-06 1.46651e-06 6.70589e-06 1.82187e-07 8.42796e-13 6.54238e-13 1.22459e-10 1.15707e-10 7.98466e-10 1.02175e-12
   0.997906  0.00209324 9.88714e-09 2.88921e-11 2.08661e-08 1.05839e-08 4.64178e-09 5.54792e-10 1.06938e-06 1.06786e-09 3.04518e-09 1.00362e-10 2.19128e-08 2.38418e-08  1.1912e-10 4.11663e-11 4.93704e-11 1.19453e-11 1.50137e-10 2.37666e-11 1.28451e-12 3.08956e-11  2.1276e-12 1.10528e-10  1.9234e-11 2.14349e-10 2.61696e-14  7.2479e-17 1.72954e-15 2.04018e-14 4.77716e-17 6.98493e-19
4.07883e-06  0.00422711 0.000321315 8.53907e-05 1.43207e-05 0.000636262  0.00294072   0.0187403    0.322135 0.000967615    0.180129    0.196442   0.0172469   0.0682451  0.00601439    0.181391  1.9616e-05 5.72313e-09 7.79701e-05  4.3279e-06 2.15958e-06 5.67773e-06 2.41798e-05 3.18601e-06  1.2066e-05  0.00031026 6.32497e-08 1.83491e-11 1.45403e-10 6.83544e-09 8.18536e-11 4.62898e-12
   0.997952  0.00204649 1.11503e-08 6.31594e-10 2.58641e-08 1.70051e-08  4.4588e-09 4.20382e-10  1.0273e-06 1.04012e-09 2.93258e-09 9.14676e-11 2.10451e-08 2.29186e-08  6.2668e-11 5.88079e-11 4.62763e-11 1.17825e-11 1.60453e-10 2.70798e-11 2.24244e-12 2.61845e-11  2.0037e-12 1.14861e-10 1.87013e-11 1.99068e-10 2.19255e-14 1.87844e-16 1.40732e-15 2.01836e-14 3.10979e-16  4.7879e-19
2.52878e-07  0.00141224 8.20433e-07 1.75631e-06 5.25924e-06 6.05098e-06   0.0131733 0.000378647    0.944449  0.00223704  0.00278782  0.00440135    0.022073  0.00654768  0.00169701   0.0004245 1.63954e-06 9.55486e-07 3.63328e-07 2.76633e-06 2.14623e-07 1.16639e-06   6.811e-06 9.14079e-06 8.31815e-07 0.000379949 3.74114e-08 1.81159e-10 6.15793e-11 3.19621e-11 2.57236e-11 4.84532e-12
  0.0233352    0.955549   0.0025892 3.39415e-07  0.00216513   0.0136766 2.08503e-06 5.55823e-07  0.00253993 6.14689e-06  3.6568e-05 6.96618e-07 3.72245e-05 5.94758e-05 2.18881e-08 8.21608e-07 7.43768e-10  3.4893e-10 1.65355e-09 1.62998e-09 1.18282e-10 4.63546e-10 1.13799e-08 2.24804e-08  1.5711e-09 1.11069e-06 1.73355e-10 6.42973e-14 1.82723e-14 1.77132e-13 4.14997e-14 1.42125e-14
   0.999721 0.000279146  1.3148e-12 8.41547e-12 6.76347e-11  4.8615e-10 2.26357e-10 2.00146e-11 2.52196e-08 7.47064e-11 7.83171e-11 3.23567e-12 5.32052e-10 5.66442e-10 1.77301e-11 2.86957e-11 2.03961e-12  1.3866e-12 2.61398e-11 2.61046e-11 1.09804e-13 1.19096e-12 9.17502e-12 8.46582e-11 1.71975e-11 3.22432e-12 5.63297e-17 5.66313e-16  2.0794e-16 5.10165e-17 1.20086e-15 5.79561e-22
   0.999626 0.000373544  3.3149e-10 4.09373e-13 6.78526e-11 3.83128e-11 3.30149e-10  4.8294e-14  4.4044e-08 5.79867e-11 1.34794e-10 6.69414e-11 9.08396e-10 1.02348e-09 5.15167e-11 1.24834e-10 2.23616e-14  5.5545e-12 4.52293e-11 4.54502e-11 1.05412e-11 8.49317e-14  2.6616e-12 1.02493e-10  3.4213e-11 5.31739e-12 1.82581e-16 7.40439e-16 1.03378e-15  6.6776e-17  2.5052e-15  8.8261e-21
6.55852e-05    0.345715   0.0911517 1.27013e-05   0.0826681    0.480265 1.31495e-05 1.44405e-06 6.69882e-05 1.60157e-06 2.56527e-05 1.75741e-06 8.67213e-06 6.92393e-07 3.30015e-08 2.03638e-06 5.38791e-10 7.52255e-11 5.36146e-10 7.89684e-13 3.50219e-11 2.36603e-11 1.06976e-10  1.2922e-10 2.14519e-11 3.34906e-09 7.02098e-14 1.34522e-15 1.20039e-15 5.87687e-15 1.72992e-15 1.17358e-18
2.55102e-14 6.01576e-11    0.575816   0.0926491   0.0078828    0.323651 7.52665e-08 3.22964e-07 7.26735e-09 2.03795e-07 7.61729e-08 1.48345e-07 6.54749e-10 8.15828e-08 3.33371e-08 1.26606e-11  4.0458e-14 1.59212e-13 4.99362e-15 1.87062e-13   3.313e-15 5.56884e-14 3.59835e-16 6.10164e-14 1.01796e-13 1.33282e-14 9.46819e-21 2.71464e-21 9.81251e-20  8.5147e-21 1.79667e-21 1.16017e-22
8.86112e-08  6.4302e-07    0.121454  0.00373738    0.834559   0.0394026 1.43602e-05  3.3277e-06 8.49893e-06 8.64163e-05 0.000109806 0.000109083 0.000112856 8.44238e-05 9.23876e-05 0.000225523 2.16862e-08 4.50992e-08 1.08467e-09 1.06523e-08 7.50787e-10  3.4768e-08 9.33077e-09 5.12437e-10 1.78237e-08 4.15884e-10 1.56738e-13 6.08848e-12 9.61218e-14 6.87325e-13 3.50813e-13 7.38805e-15
   0.996396   0.0036011 7.40719e-08 1.29866e-09 6.32629e-09 8.92474e-09 1.19557e-08 7.48065e-10 2.75246e-06 2.64335e-09 7.89796e-09 2.17063e-12 5.64074e-08 6.10346e-08 5.39133e-11 6.53972e-10 2.83291e-11 2.25534e-11  1.2004e-10 1.69818e-11 3.31044e-12 4.07665e-11 9.77997e-12 1.38236e-10 1.70814e-11 6.69004e-10 7.33852e-14 4.18344e-17 1.24047e-15 1.22808e-14 9.25056e-16 2.49586e-18
 0.00339393    0.568485   0.0541173 0.000651443   0.0833279    0.288695 3.26394e-05 7.34771e-06 0.000985667 1.57215e-05 0.000232748 6.32364e-06 1.01104e-06 3.87658e-05 1.29362e-07 8.64604e-06 1.44598e-08 4.11377e-09 1.93429e-08 5.86073e-10 2.20942e-11 1.50667e-09 1.64631e-09 5.13011e-09 9.58773e-12  3.3015e-07 3.91649e-11 1.04927e-13 1.43642e-13 1.25226e-12 3.40606e-13 4.22565e-15
   0.997429  0.00256901 2.86173e-08 2.24582e-09 2.27484e-08 7.76737e-09 6.65909e-09 8.75646e-10 1.53495e-06 1.56589e-09 4.36512e-09 2.23646e-10 3.14585e-08 3.40556e-08 1.17384e-10 1.27822e-10 4.22031e-11 1.69721e-11 1.35708e-10 1.75073e-11 4.51338e-12 4.71499e-11 6.19023e-12 1.17402e-10 1.83098e-11 3.22491e-10 3.37719e-14 1.92275e-17 1.92091e-15 1.76397e-14 4.02582e-16 1.06105e-18
    0.99047  0.00951546  7.6215e-09 7.38723e-08 9.40887e-09 7.18786e-08 5.83158e-08 1.08418e-09 1.33552e-05 1.22018e-08 3.80218e-08 4.02432e-13 2.73985e-07 2.95785e-07 1.38158e-10 2.85012e-10 3.25505e-11 2.96934e-11 1.16389e-10 2.07887e-11 4.75873e-12    3.14e-11  5.4401e-11 2.17418e-10 2.28217e-11 4.64399e-09 6.42112e-13  4.6788e-16 9.19007e-16 1.19783e-14 1.69303e-15 4.05222e-17
8.98145e-13 9.55904e-10   1.388e-07 6.15947e-10  5.6223e-07 4.27908e-06  0.00925424    0.142651 0.000340152    0.581145   0.0274112   0.0195133    0.203281  0.00737461  0.00644003  0.00257855 3.46085e-06 5.85555e-08 8.21298e-08 1.83543e-07 1.08035e-09 1.87545e-07  1.3592e-07 3.15957e-07  1.3673e-06 6.82798e-09  1.6348e-14 9.61498e-13 4.81628e-12 1.70798e-12 1.02616e-13 1.93441e-13
2.11165e-06    0.194704    0.112996   1.958e-06   0.0976602    0.594629 6.84482e-07 1.36688e-07 2.98415e-06 2.72343e-07 3.14249e-06  1.7047e-07 9.23511e-08 1.35337e-07 4.08509e-09 1.95445e-07 4.71369e-12 9.85531e-13 4.28967e-12 2.04874e-13  2.6394e-13 6.71914e-13 1.71071e-12 2.30891e-13 3.46051e-14 1.35864e-11 2.27137e-17 4.36553e-19 1.79686e-18 4.35849e-18 6.70958e-18 1.54091e-20
   0.989398   0.0105857 2.32227e-11 1.22411e-07 1.97601e-08 1.21821e-07 6.86485e-08 1.43467e-09 1.57028e-05 1.43555e-08 4.46936e-08  1.9164e-12 3.22097e-07 3.47636e-07 1.90228e-10 3.60997e-10 3.23835e-11 2.97488e-11 1.16138e-10 2.13955e-11 5.15548e-12  2.9904e-11 6.51005e-11 2.39878e-10 2.45066e-11 5.62894e-09 7.96027e-13 5.65513e-16 9.56452e-16 1.16622e-14 1.69869e-15 5.18527e-17
4.96637e-12 7.68427e-14 6.65094e-07 2.60783e-05 5.64717e-08 2.94608e-06   0.0168902    0.093056   0.0024443    0.300042   0.0421766   0.0433144   0.0190393  0.00523944     0.26895    0.208791 5.75198e-06 9.98616e-07 6.36615e-09 7.02614e-07 7.10723e-06 1.17556e-05 8.19136e-07 1.02341e-08 1.24508e-07 1.10908e-09 2.46773e-12 2.30574e-11 7.40552e-12 6.78838e-11 7.57725e-11 6.02808e-13
   0.997839  0.00216025 8.91384e-09 1.24889e-12 1.71192e-08 1.61973e-08 4.92337e-09 6.61065e-10 1.13077e-06  1.0577e-09 3.20816e-09 1.49302e-10  2.3182e-08 2.50982e-08 1.44469e-10   1.658e-10 5.68391e-11 1.77616e-11 1.48137e-10 2.05674e-11 1.11891e-12 3.77422e-11 2.51581e-12 1.12101e-10 1.93223e-11 2.25175e-10  2.5424e-14 8.30307e-17 1.94418e-15 2.32379e-14 6.12947e-17 6.68683e-19
 0.00312134    0.988731 0.000930092 7.86654e-07 0.000940171  0.00491354  1.0172e-05 9.84979e-08  0.00129247 4.96224e-07 2.15953e-07 1.14643e-07  3.1316e-05 2.73535e-05 2.85332e-09 1.32877e-07 4.24341e-10 8.04968e-11 1.97181e-10 4.21536e-10 1.08181e-10 2.86575e-10 4.13413e-09 7.66373e-09 6.39977e-10 3.40631e-07 3.37983e-11 3.29863e-14 2.64551e-15 1.31679e-14 7.43733e-15  2.6468e-15
   0.999373 0.000627175 7.59248e-09 7.79784e-10 8.28439e-10 3.22033e-10 5.10063e-10 3.14747e-12 1.17615e-07 1.61717e-10 3.43473e-10 1.28392e-10 2.47707e-09 2.69486e-09  5.1634e-11 1.95013e-10 1.29797e-12  8.1078e-12 5.56943e-11  3.2959e-11 2.70114e-13 9.20867e-12 1.52535e-11 1.30995e-10 4.19582e-11 9.76821e-12 2.68145e-15 7.70002e-17 2.14542e-15 7.55175e-16 1.30824e-15 4.88875e-19
    0.99456  0.00543427  1.5102e-08  2.2595e-08 8.74354e-11 2.86005e-08 2.40357e-08 1.57916e-09  5.4849e-06 5.01483e-09 1.56224e-08 1.07962e-10 1.12495e-07 1.21598e-07 1.01053e-12 7.04399e-10 2.96672e-11 2.46077e-11  1.1189e-10   1.687e-11 3.84932e-12 3.88717e-11 2.05615e-11 1.50728e-10 1.94059e-11 1.57353e-09 1.89164e-13 1.36419e-16 1.05197e-15 1.19844e-14 1.61441e-15 9.36629e-18
   0.999888 0.000111785 2.56406e-10 1.78075e-12 8.91559e-12 1.57927e-10 3.50948e-11 6.26886e-12 4.30227e-09 5.27412e-12 3.61184e-11  5.9449e-12 8.79917e-11 1.08788e-10 3.14545e-11 1.80641e-12 9.56666e-12 4.62081e-12 3.23322e-11 1.85131e-12 2.91804e-14 1.41538e-12 9.22093e-13 1.62875e-11 2.75698e-12 4.02375e-13 1.49395e-16 6.28494e-18 1.66297e-17  7.8196e-16   6.551e-16 4.14451e-21
2.52119e-11 4.94743e-07     0.10248   0.0843573     0.35772    0.455418 9.75024e-10 6.08213e-07 1.99586e-07 4.10917e-06  5.0326e-07 4.34897e-06  5.7317e-06 2.01587e-06 4.17753e-06 2.89876e-06 8.85218e-11 1.21868e-11 1.53568e-11 8.21296e-12  2.8784e-12 5.71021e-11 1.20444e-12 9.39551e-12 1.80043e-11 6.48535e-13 1.01639e-16 2.69453e-16 6.23633e-17 1.65511e-16  3.8797e-17 5.90919e-19
  0.0129014    0.603495   0.0584648 0.000697002   0.0203553    0.302067 2.64326e-05 1.23721e-05  0.00158957 3.92745e-05 0.000269452  2.1535e-05 9.38063e-08 3.55908e-05 3.02257e-06 2.15307e-05 3.23308e-08 3.08769e-09 3.13579e-08 2.31578e-09 2.07495e-11 3.00968e-10 4.44397e-09 8.30609e-09 9.48117e-10 6.80254e-07 1.02843e-10 5.27596e-14 3.68884e-13 2.93172e-12  7.7082e-13 8.12191e-15
   0.992539  0.00745086 3.77186e-09 2.46009e-11 5.79039e-10 1.10107e-07 3.99126e-08  1.2506e-09 9.12463e-06 8.35948e-09  2.5985e-08 3.18527e-11 1.87199e-07 2.02054e-07 2.21716e-11 2.21293e-10 3.27804e-11 2.80817e-11 1.15432e-10 1.84532e-11 4.02455e-12 3.55219e-11 3.56606e-11 1.81325e-10 2.12479e-11 2.93534e-09 3.83009e-13 2.89162e-16 9.98099e-16 1.23663e-14 1.73217e-15  2.2297e-17
   0.999426 0.000574034 1.85601e-09 6.84356e-10 3.24225e-10 1.73241e-10 4.72477e-10 1.75965e-12 9.94999e-08 1.17553e-10 3.12149e-10 1.45327e-10 2.10717e-09 2.45131e-09 3.81408e-11 2.09686e-10 3.37598e-12 5.58297e-13 3.04603e-11 3.95122e-11 4.31995e-14 4.14554e-12 1.04821e-11 1.29953e-10 4.43287e-11  1.1893e-11 5.64432e-15 5.50982e-16  1.5707e-15 4.64355e-16 3.39114e-16 8.02579e-19
   0.998556  0.00144312 5.91724e-11 2.95363e-09 7.33063e-09 1.16617e-08  2.5335e-09 1.09893e-10 5.48391e-07 5.27623e-10 1.56123e-09 3.29498e-10 1.12969e-08 1.21961e-08 2.93107e-10 1.16809e-10 2.81274e-11 8.90492e-12 1.70176e-10 2.24982e-11 1.03414e-13 3.27348e-11 1.91756e-12 1.14931e-10 2.02188e-11 1.00829e-10 1.46865e-14 3.83557e-17 1.24012e-15 1.63992e-14 5.45492e-16 6.35034e-19
0.000456759    0.999131  1.5616e-07 1.27291e-07 5.66991e-07 7.14211e-07 1.70041e-06 9.33015e-11 0.000391078 3.64521e-07 1.11688e-06 9.24254e-11 7.96901e-06 8.61641e-06 1.01341e-10 9.01417e-11 6.13463e-12 6.39534e-11 8.52759e-12 4.96772e-11 2.16519e-11 6.82956e-11 5.22412e-10 8.10583e-10 9.20997e-11 3.73907e-08 1.39254e-12 5.11324e-15 6.46649e-16  1.0228e-15 2.11834e-15 3.32352e-16
 4.7163e-10 1.44956e-09    0.160863     0.74373   0.0913666  0.00382404 2.42342e-08 5.49744e-06 2.63891e-06 5.86519e-06 7.49113e-07 6.02977e-05 1.44221e-05 4.27032e-05 6.70341e-05 1.66008e-05 8.41787e-11 4.74115e-10 4.20118e-10 3.09273e-09 9.43709e-10 6.46367e-09 5.18512e-10 2.53537e-10 2.21432e-10 1.54656e-11 8.37487e-15 9.47671e-14 3.03499e-14  3.1809e-15  1.1078e-13 2.26526e-15
1.95728e-12 5.60148e-10 1.09271e-06 1.34701e-06 2.61496e-06 2.70652e-06   0.0383032  0.00230498  0.00848592   0.0022698   0.0323524    0.405715    0.219276    0.118639    0.164745   0.0078866 4.08747e-06 5.68208e-07 7.80815e-07 1.70801e-06 3.31428e-06 2.07195e-06 2.94101e-08 1.10921e-06 6.01702e-07  3.9542e-08 1.50405e-13 2.86899e-11 2.58806e-11  1.1618e-12 3.62114e-12 2.99025e-12
   0.989913    0.010071  2.4328e-08 1.18343e-07 5.08969e-09 7.45227e-08 6.35308e-08 1.09485e-09 1.45622e-05 1.33207e-08 4.14692e-08 1.70377e-12 2.98703e-07 3.22461e-07 1.95916e-10  3.4185e-10 3.22525e-11 2.98213e-11 1.16669e-10 2.13554e-11 4.96632e-12 3.04317e-11 5.98842e-11 2.28111e-10 2.33849e-11 5.14809e-09 7.20625e-13 5.17737e-16 9.10068e-16 1.18144e-14 1.67909e-15  4.6324e-17
1.46148e-10 1.44586e-10    0.521497  0.00725958    0.471091 6.11018e-05 1.60005e-06 1.00145e-05 1.21236e-06 2.92249e-07 8.90706e-06    1.98e-05 7.29493e-06  1.0791e-05 7.71287e-06 2.28744e-05 1.80434e-10 8.53615e-10 2.36953e-11  6.1955e-10 9.79402e-11 4.42262e-10 1.43572e-10 5.05911e-11  1.4195e-11 8.74216e-12 4.09231e-17 1.16484e-14 4.27186e-15  5.6794e-15 2.74038e-16 9.88705e-17
   0.995749  0.00424749 5.37879e-08 5.39597e-09 9.55976e-10 1.49777e-08 1.58607e-08 1.78934e-09 3.64105e-06 3.37714e-09 1.03805e-08 3.54938e-11 7.46125e-08 8.06903e-08 2.81527e-11 1.07538e-09 3.01689e-11  2.2878e-11 1.16781e-10 1.72435e-11 3.40135e-12 4.10109e-11   1.303e-11 1.38754e-10 1.94558e-11 9.45233e-10 1.06114e-13 6.43029e-17  1.1606e-15  1.2712e-14 1.47229e-15 4.23466e-18
   0.997895  0.00210425  8.5124e-09 1.57819e-10 1.97314e-08 1.14339e-08 4.68616e-09 5.21986e-10 1.07933e-06 1.05542e-09 3.07068e-09 1.01307e-10 2.21177e-08 2.40366e-08 1.24799e-10 4.40765e-11 5.12196e-11 1.23073e-11 1.52228e-10 2.25293e-11 1.27489e-12 3.18495e-11 2.19755e-12 1.05048e-10 1.96417e-11 2.15899e-10 2.62606e-14 5.07792e-17 1.73791e-15 2.13171e-14 1.93351e-17 7.10113e-19
   0.989314   0.0106693 2.69591e-09   1.183e-07 2.64352e-08 1.31007e-07  6.9437e-08 1.37921e-09 1.58901e-05 1.45296e-08 4.52289e-08   7.017e-12 3.25948e-07 3.51807e-07 2.02898e-10 3.09954e-10 3.24402e-11 3.00145e-11  1.1631e-10 2.16375e-11 5.15033e-12 2.96874e-11 6.60099e-11 2.41408e-10 2.46105e-11 5.70848e-09 8.08582e-13 5.76498e-16 9.43641e-16 1.16717e-14  1.7034e-15 5.27624e-17
3.83829e-15 3.09016e-08 9.02561e-09 1.59788e-08 7.10545e-10 1.94196e-14   0.0159403   0.0154511   0.0237252   0.0239947  0.00820681    0.104213   0.0828156     0.53517    0.164373   0.0261104 3.33675e-09 7.52207e-10 3.18443e-08 8.13833e-11  2.5297e-09 2.23977e-08 9.51921e-09 4.93041e-08 2.23962e-09 2.57117e-08 7.29205e-15 9.98814e-16 1.10844e-14 5.16847e-15 1.83223e-15 4.39738e-14
1.92282e-09 6.69485e-08    0.164141  0.00998497    0.589969    0.235525 7.30098e-05 6.33097e-05 1.13767e-07 0.000137196 1.50754e-05 2.01303e-07  3.5125e-05 1.75013e-06 1.12814e-05 4.26786e-05 7.55092e-09 1.47783e-09 2.92456e-09 2.65348e-09  1.8241e-10 2.46205e-09 1.04954e-09 3.43804e-09 1.31115e-08 2.26573e-10 9.46483e-14 4.01675e-13 5.16159e-13 4.79317e-15 1.16637e-13  9.3062e-16
   0.997487  0.00251177 2.86511e-08  4.3713e-10 2.33014e-08 1.44777e-08 6.41342e-09 6.93578e-10 1.47545e-06 1.45583e-09 4.19546e-09 1.73519e-10 3.02389e-08 3.27351e-08 1.32921e-10  1.8923e-10 4.02046e-11 1.56688e-11 1.35637e-10   1.854e-11 4.91214e-12 4.52851e-11 5.38265e-12 1.18067e-10 1.72258e-11 3.06577e-10 3.17978e-14 1.97312e-17 1.78605e-15 1.66611e-14 2.14063e-16 9.72264e-19
   0.983386   0.0165814 5.60124e-10 1.98728e-07 9.95468e-08 1.83614e-07 1.31595e-07 1.48969e-09 3.01686e-05  2.7598e-08 8.58589e-08 4.80826e-11 6.18595e-07 6.67121e-07   3.979e-10 3.22382e-10 3.32966e-11 3.27436e-11 1.16109e-10  2.8388e-11 6.69524e-12 2.36224e-11 1.35925e-10 3.75918e-10 3.35816e-11 1.20332e-08 1.83947e-12 1.22971e-15 9.34511e-16  1.0715e-14 1.79312e-15  1.3304e-16
   0.989055   0.0109271 1.95904e-08   8.897e-08 1.65767e-08 1.39852e-07 7.18879e-08 1.26677e-09 1.64711e-05 1.50621e-08 4.69043e-08 1.32873e-11 3.37846e-07 3.64556e-07 1.88863e-10 2.34587e-10 3.26263e-11 3.02803e-11 1.17075e-10 2.20232e-11 5.12399e-12 2.96282e-11 6.88305e-11  2.4598e-10 2.48504e-11 5.95693e-09 8.48004e-13 5.97781e-16  9.2945e-16 1.17131e-14 1.71407e-15 5.59264e-17
   0.999347 0.000653018 5.83792e-09 1.55973e-09 6.66529e-10 6.30886e-12 5.52823e-10 2.96707e-12 1.26841e-07 1.57655e-10 4.02147e-10 4.74176e-11  2.6665e-09 2.84562e-09 8.19833e-11 1.90434e-10 9.81718e-12 4.80363e-12 4.83369e-11 3.34159e-11 1.23386e-12 1.25046e-12 1.75158e-11 1.04615e-10 4.92049e-11 1.57566e-11 6.64708e-15 3.05165e-16   2.328e-15 1.86684e-15 1.00612e-15 1.05851e-18
    0.99976 0.000239831 2.00916e-10 1.56934e-11 1.45672e-10 3.34908e-10 1.23382e-10 2.88332e-11 1.88417e-08 5.27219e-11 8.55203e-11 1.42542e-12 4.20996e-10 4.24406e-10 3.41094e-11 2.60147e-11 9.98423e-12 4.71574e-12 3.02016e-11 2.99608e-11 2.34144e-12 1.45333e-12 6.74801e-12 6.52023e-11 2.05678e-12 6.81157e-13 2.43284e-16 6.69407e-17 4.31253e-17 3.98528e-16 2.46448e-15 1.64919e-20
2.69001e-08 1.16822e-08    0.102991    0.408895    0.345599    0.142001 9.71429e-05 6.83789e-05 1.74064e-06 5.96032e-05 1.71547e-06  2.7716e-05 6.58081e-05 4.25882e-05 0.000129994 1.95753e-05 2.76986e-09 2.00383e-10  7.6742e-10 7.22968e-11 8.53746e-09 2.62122e-08 1.64213e-09 1.02571e-08 8.98734e-09  4.9045e-10 1.73314e-13 1.22708e-12 5.46699e-13 1.02502e-13 3.06673e-13 1.17849e-14
   0.984582   0.0153892 1.58811e-09 1.72824e-07 5.03706e-08   1.112e-07 1.18449e-07 1.31975e-09 2.71561e-05 2.48414e-08 7.72749e-08 3.01736e-11  5.5684e-07 6.00576e-07 3.15451e-10 3.70976e-10 3.26239e-11 3.22055e-11 1.16099e-10 2.69992e-11 6.35291e-12 2.48967e-11 1.20831e-10 3.46176e-10 3.13402e-11 1.06683e-08 1.61329e-12 1.08114e-15 9.10515e-16 1.08536e-14 1.77512e-15 1.15233e-16
   0.997804   0.0021951 6.23649e-09 9.92079e-12 1.76785e-08 1.35088e-08 5.07894e-09 6.28901e-10 1.16334e-06 1.10147e-09 3.30104e-09 1.64178e-10 2.38459e-08 2.58095e-08 1.73629e-10 2.25135e-10 5.15511e-11 1.67454e-11 1.49935e-10 2.13176e-11 1.04616e-12 3.99109e-11 2.56347e-12 1.15617e-10 1.89987e-11 2.30108e-10 2.43806e-14 2.83062e-17 1.75237e-15 2.22218e-14 5.19393e-17 6.53386e-19
2.01079e-10 8.17355e-10 4.89664e-09 6.10117e-09 2.46137e-09 3.95724e-10 4.44299e-06 3.63186e-05 3.83997e-06 4.68841e-07 1.22678e-05 6.42078e-05 7.53139e-05 4.11394e-05 3.47211e-06 1.43921e-05    0.058587    0.100113   0.0273273    0.400724   0.0516591    0.019014    0.294862   0.0433443  0.00388109 0.000196773 1.33069e-07 1.89939e-05    9.39e-06 4.33361e-07 6.62057e-06 3.78299e-12
   0.997442  0.00255661  2.8005e-08 1.45251e-09 2.29013e-08 8.88265e-09  6.6094e-09 8.77448e-10 1.52194e-06 1.53454e-09 4.32142e-09 2.06082e-10 3.11873e-08 3.37307e-08 1.43617e-10 1.44362e-10 4.29566e-11 1.61308e-11  1.3619e-10 1.71309e-11 4.99309e-12 4.60626e-11 6.09119e-12 1.16746e-10 1.81623e-11 3.17811e-10 3.27041e-14  1.7081e-17 2.03224e-15 1.75668e-14 3.29143e-16 1.07706e-18
   0.992854  0.00713664 4.55264e-09 6.94269e-10 9.68215e-11 8.16569e-08 3.73337e-08 1.30566e-09 8.52166e-06 7.79117e-09 2.42615e-08 6.71168e-11 1.74846e-07 1.88797e-07 6.93422e-12 2.02008e-10 3.23333e-11 2.76314e-11 1.14323e-10 1.81188e-11 3.90203e-12 3.66133e-11 3.32373e-11 1.76386e-10 2.07054e-11 2.70157e-09 3.48844e-13 2.56302e-16 1.00049e-15 1.23533e-14  1.7592e-15 1.98517e-17
2.04207e-06   0.0948732    0.128294 6.31078e-06    0.103043    0.673769 1.58366e-06 2.96847e-07 2.82198e-06 5.65766e-07 6.45391e-06 3.83754e-07 3.40476e-07 1.58289e-07 1.24176e-08 4.33649e-07 1.64807e-11 2.89686e-12 1.67494e-11 5.89079e-13 5.83042e-13   9.235e-13 8.90844e-15 5.72547e-14 4.82306e-13 2.45467e-11  7.8031e-17 5.65437e-18 7.72479e-18 2.99559e-17 1.05078e-17 5.55329e-19
   0.991225  0.00876222 3.50118e-10  2.9306e-08 1.80163e-09 1.05571e-07 5.13464e-08 1.27282e-09 1.17616e-05 1.07402e-08 3.34816e-08 1.23625e-11 2.41322e-07 2.60572e-07 6.69936e-11 2.62974e-10 3.29219e-11 2.88455e-11 1.15983e-10  1.9865e-11 4.49007e-12 3.28644e-11 4.71413e-11 2.04392e-10 2.21628e-11 3.98732e-09 5.40956e-13 3.97933e-16 9.56184e-16 1.21437e-14 1.69227e-15 3.33194e-17
   0.995504   0.0044913 3.48853e-08 2.95036e-09  2.6654e-10  2.3352e-09 1.75188e-08 1.27054e-09 3.99864e-06 3.71333e-09 1.14174e-08 9.90618e-12 8.19586e-08 8.85681e-08  9.3497e-11 1.03496e-09 2.82449e-11 2.46167e-11 1.13165e-10 1.78893e-11 3.58454e-12 4.03253e-11 1.43796e-11 1.39237e-10 1.87144e-11  1.0645e-09 1.22069e-13 7.98083e-17 9.30148e-16  1.1956e-14 1.56391e-15 4.93824e-18
1.28508e-08 1.95121e-08    0.378253   0.0525097     0.56892 1.31188e-05 2.54479e-06  2.6391e-05 2.55836e-06 8.13964e-06 4.82397e-05 3.18133e-05 1.72564e-05 1.71468e-05 5.90694e-06 0.000144729 2.37267e-09 9.57356e-09 3.59126e-11  3.2146e-09 1.72779e-09 1.49195e-09 3.26991e-09 5.92154e-10 8.02496e-10 1.68447e-10 1.54861e-14 2.70198e-13 7.11801e-14 1.20664e-13 1.02953e-13 2.52014e-16
   0.996129  0.00386795  7.8198e-08 5.05373e-12 4.19109e-10 1.20186e-08 1.35248e-08 9.59541e-10 3.10878e-06 2.88893e-09 8.87993e-09 1.14428e-11 6.37542e-08 6.89882e-08 1.81486e-11 8.74522e-10 3.11978e-11 2.37919e-11 1.18259e-10 1.76489e-11 3.02624e-12   3.939e-11 1.12771e-11 1.33912e-10 1.82003e-11 7.77345e-10 8.57694e-14 6.73712e-17 1.08544e-15 1.32236e-14 1.28635e-15 3.04222e-18
   0.997188  0.00280993 5.16256e-08 2.64933e-09   1.954e-08 5.81711e-09 7.83723e-09 8.24193e-10 1.79469e-06 1.71143e-09 5.18324e-09 1.85237e-11 3.67761e-08 3.96864e-08 4.71305e-11 2.13358e-10  3.8552e-11 2.45369e-11 1.30314e-10 1.55967e-11  3.1706e-12 4.72521e-11 8.13807e-12 1.26474e-10 2.02541e-11 3.96215e-10 4.42031e-14 4.52074e-17 1.91757e-15 1.65845e-14 1.15478e-15 1.42628e-18
   0.012905    0.983863 0.000123081 3.65909e-08  0.00011233 0.000644014 1.22748e-05 2.41743e-08  0.00223668  1.5461e-06 3.38247e-06 3.75279e-08 4.88424e-05  4.8747e-05 5.12912e-09   3.119e-08 3.80336e-10 6.88672e-11 6.36009e-11 1.12055e-09 1.51369e-10 3.99375e-10 1.02382e-08 1.94073e-08 1.54253e-09  8.8228e-07 1.26543e-10 8.75024e-14 5.09169e-16  2.5562e-14 8.71776e-16 9.78817e-15
   0.998861  0.00113866 3.97842e-09  2.5375e-09 2.21837e-10  2.3942e-09 1.55155e-09 3.42038e-10 3.55726e-07 3.60793e-10 1.06658e-09 4.25945e-10 7.41297e-09 7.94203e-09 4.45953e-10 3.01794e-10 3.75912e-11 2.16403e-11 1.44434e-10 3.33713e-11 2.60475e-12   2.464e-11 1.72466e-12 1.40427e-10 9.41595e-12  5.6352e-11 6.51529e-15 5.40719e-16 4.71762e-16 1.60632e-14 1.03746e-15 2.13982e-19
 1.3319e-10 9.71576e-09   0.0580491    0.337908     0.55076   0.0529034 1.38324e-05 3.72751e-07 4.77812e-06 1.66528e-05 1.31014e-05 8.35087e-05 6.30924e-05 6.78232e-05 0.000113956 2.79271e-06 2.25966e-09 4.47495e-09 1.78913e-11 3.63619e-09 1.40383e-09 1.91698e-08 7.64807e-11 1.49816e-09 2.23523e-09 1.65478e-10 9.50919e-14 8.97619e-13 2.80642e-14 2.63037e-14 9.66774e-14 7.42771e-15
1.18548e-07 6.53613e-06     0.10763   0.0844986    0.307147    0.499915 2.53903e-07 2.20945e-05 6.90701e-06 0.000133493 2.87968e-05 0.000141284 0.000186921 6.04987e-05 0.000131362 9.05253e-05  5.6452e-08 6.24769e-09 1.11035e-08  5.2978e-09 8.78912e-10 3.12435e-08 4.48726e-10  6.2491e-09 1.13501e-08 4.45951e-10 3.79908e-13 3.30967e-12 5.19007e-13 2.03015e-12 4.61021e-13 9.67358e-15
          1 1.99458e-07 3.18536e-16 3.10981e-15 5.62033e-16 3.82042e-15 1.04984e-16 4.62127e-16 1.83282e-14 2.77305e-15 3.69241e-15 5.52909e-16 3.92035e-16 4.45852e-15 2.02105e-15 1.31762e-15 2.60059e-15 5.25483e-19 2.65827e-15 2.05384e-16 2.16812e-17 7.63123e-16 2.85573e-15 2.52336e-16 4.19084e-16 1.13327e-15 1.62689e-23 1.41867e-22 1.36616e-22 3.83127e-24  2.1971e-23  5.9058e-29
6.41397e-10 5.86493e-10    0.736484    0.138008   0.0118016     0.11351  2.3577e-05 5.52339e-05  2.0604e-06  2.8066e-05 3.43649e-06 4.72316e-05 1.36643e-06 2.14854e-05 1.33883e-05 7.57526e-07 2.29844e-10 1.38404e-09 7.97343e-10 4.68218e-09 7.49042e-11 1.31024e-09 1.52944e-11 7.35642e-10 1.29871e-09 3.29115e-11 1.25013e-15 2.12549e-14 1.37222e-13 8.02756e-15 2.81257e-14 2.63278e-16
1.45793e-06 6.20971e-08     0.11916    0.833296    0.014583   0.0317062 0.000101933 2.71344e-05 5.16906e-07 5.55812e-05 2.12271e-06 2.21727e-05 6.18029e-07 5.69113e-05 0.000192389 0.000793659 4.59741e-08 1.84303e-08 7.47776e-10 8.28725e-10 6.39208e-08 6.59171e-08  5.0103e-08 1.85178e-08 2.92525e-09 1.59435e-09 8.63922e-14 4.85032e-13 9.01045e-14 7.16707e-12 9.19113e-12 3.07428e-14
1.54655e-07 1.33525e-06   0.0266254    0.447765    0.435789   0.0886086 5.44737e-05 3.71862e-05 6.90681e-08 0.000327419 0.000109662 3.03466e-05 2.43103e-05 1.10079e-05 2.75876e-05 0.000587992 5.48336e-08 2.85192e-08 2.37824e-08 1.72334e-08 1.64394e-08 4.49781e-09 4.17212e-08 5.88621e-10  6.6878e-08  4.1423e-10 2.85053e-15 1.87382e-12 3.02412e-12 1.32321e-12 9.49764e-12 4.29444e-15
   0.999268 0.000731533 6.79834e-09  3.6604e-10 2.53998e-10 4.49375e-11 6.89188e-10 1.91177e-12 1.56692e-07 3.12474e-10  5.0354e-10 2.48303e-10 3.22407e-09 3.47429e-09 6.47065e-11 1.81586e-10 4.39639e-11 1.19314e-11 5.16774e-11 3.41415e-11 4.78792e-12 9.03682e-12 1.15945e-11 1.07029e-10 2.83319e-11  1.8702e-11  6.3658e-15 4.80152e-17 3.73782e-15 7.68621e-15 6.32989e-16 1.14498e-18
   0.999915 8.53323e-05  2.6499e-11 1.27975e-12 6.44441e-11 5.39834e-11 1.96408e-11 7.92159e-12 2.54058e-09  5.0539e-12 2.96889e-11 2.12315e-11 6.00865e-11 7.03785e-11 1.60666e-12 6.37523e-12 9.03303e-12 1.06174e-11 2.76184e-11 2.48764e-12 1.69157e-15 1.61341e-12 5.68518e-12 1.71338e-11 3.64241e-13 3.40214e-13 5.89375e-19 1.58286e-18 6.88888e-17 7.44597e-16 4.70845e-16 6.61712e-22
   0.995094  0.00490101 2.39503e-08 3.98658e-08 4.05146e-10 1.40783e-09 2.02681e-08 1.69386e-09 4.62457e-06 4.24803e-09 1.31977e-08  5.0548e-11 9.48537e-08  1.0248e-07 1.02926e-11  8.0857e-10  2.9232e-11 2.47101e-11 1.13781e-10 1.67712e-11 3.82713e-12 3.96317e-11 1.72796e-11 1.42542e-10 1.90698e-11  1.2735e-09 1.48979e-13 1.05942e-16 9.50003e-16 1.23102e-14 1.60554e-15 6.83162e-18
   0.986723   0.0132533 3.73792e-08 1.23971e-07  3.8152e-08 5.65553e-08 9.55146e-08 1.02219e-09 2.19081e-05 2.00614e-08 6.23527e-08 3.83529e-11  4.4928e-07 4.84712e-07 2.37899e-10 2.84462e-10 3.21628e-11 3.17351e-11 1.16576e-10 2.49192e-11 5.67563e-12 2.70043e-11 9.49829e-11 2.95147e-10 2.77861e-11 8.32381e-09 1.22879e-12 8.38391e-16  8.7201e-16 1.12447e-14 1.75221e-15 8.50913e-17
 5.9263e-12 6.65887e-08 2.39638e-06 4.86621e-08 6.03429e-07  1.8207e-05   0.0227623    0.151415  0.00365511    0.125082    0.197406    0.212503    0.240038   0.0428477  0.00423274 9.85384e-06 1.85323e-05 7.02003e-07 1.10423e-06 4.83242e-07 2.44736e-07 3.21061e-07 2.17173e-06 2.83587e-07 3.62098e-06  3.5745e-08 8.45179e-12 1.19409e-11  2.5739e-11 1.34765e-10 2.15575e-11 4.22763e-12
   0.999832 0.000168015 1.20093e-11  2.0339e-11  8.1206e-11 9.68919e-11  5.2809e-11 7.90128e-12 9.48567e-09  3.8716e-11 5.76112e-11 4.17567e-13 2.04842e-10 2.09745e-10 4.04149e-11 3.18371e-11 3.41059e-12 1.10999e-13 4.09831e-11 2.11105e-11 1.53639e-13 3.92772e-14 6.77635e-13 6.96388e-11 2.84128e-12 1.62831e-12 3.74881e-18 3.44077e-17 1.85025e-17 6.51696e-16 1.36459e-15 4.32003e-22
0.000364861    0.995062 0.000602158 1.17105e-07 0.000463705   0.0031596 7.76143e-07 1.61889e-08 0.000330149 5.09843e-07 2.36437e-06  2.1312e-08 5.79225e-06 7.47305e-06 8.01211e-10 2.38987e-08 8.80539e-13 1.35504e-10 1.39204e-11 6.15134e-11  3.4957e-12  5.5226e-11 3.56047e-10 5.72376e-10 1.00922e-10 2.72316e-08 8.76732e-13 6.11963e-15 1.39502e-15 6.18507e-16  8.7622e-17 2.38782e-16
5.41221e-10 1.11213e-08  0.00266992    0.292812    0.548314    0.155765 3.30793e-05 1.09087e-05 7.97517e-08 1.20803e-05 0.000244654  6.5172e-06 7.26586e-07 1.32378e-07 7.06218e-06 0.000123421 1.86062e-10 1.36398e-08 1.40117e-08 1.47384e-10 3.26144e-09  3.1565e-11 8.15878e-09 9.10553e-10 4.69226e-09 2.67084e-10 3.25392e-16  2.6612e-13 5.21128e-14 4.03736e-14 1.12718e-12  1.9044e-16
3.09995e-07 2.91653e-07  0.00187554    0.392525    0.496835    0.107595 6.61253e-05 2.31274e-05 4.79465e-08 4.62862e-05 0.000565462 2.54705e-05 1.94872e-06  5.5807e-07 3.49614e-05 0.000405408  1.9761e-11 6.71986e-08 6.67324e-08 1.12745e-09 2.19833e-08 2.08102e-09 4.85264e-08 5.50483e-09  2.6514e-08 1.43975e-09 5.24534e-14 1.98975e-12 9.55028e-14 6.46905e-14 1.24142e-11 4.17511e-15
0.000904657    0.961531  0.00510215 2.17412e-06  0.00487188   0.0269221 9.66139e-08 2.66833e-07 0.000625609 1.95768e-06 1.38092e-05 3.15617e-07 7.98845e-06 1.51669e-05 4.75251e-09 3.70026e-07 1.57013e-10  1.5711e-10 3.19051e-10 1.78361e-10 9.80926e-12  1.1195e-10 1.11871e-09 1.90322e-09 1.27021e-10 9.34367e-08 5.32685e-12 7.06766e-15 9.08005e-15 1.09347e-14  9.9856e-15 1.32934e-15
   0.990555  0.00943101 1.12089e-09 5.99552e-08 6.63964e-09 1.08212e-07  5.7538e-08 1.18803e-09  1.3174e-05 1.20313e-08 3.75149e-08 2.05014e-12  2.7028e-07 2.91757e-07 1.28435e-10  2.6545e-10 3.28328e-11 2.95415e-11 1.16522e-10 2.06271e-11 4.75175e-12 3.15709e-11 5.35902e-11 2.16108e-10 2.28078e-11 4.56891e-09 6.30478e-13 4.61207e-16 9.31303e-16 1.20309e-14 1.69013e-15 3.96439e-17
   0.999022 0.000977439 1.70763e-09 7.36123e-10 9.73679e-11 6.06488e-10 1.19829e-09 7.18987e-11 2.68529e-07 2.58869e-10 7.64915e-10 2.80744e-10 5.69657e-09 5.95518e-09 2.56247e-10 2.91757e-10 1.70934e-11 1.22592e-11 9.11043e-11  3.3901e-11 6.79996e-15 3.40703e-11 6.24127e-12 1.32768e-10 6.97817e-12 3.31098e-11 1.90296e-15 7.95122e-18 7.82059e-17 7.75046e-15 1.82006e-16 4.88131e-20
   0.998075  0.00192385 1.03097e-09 2.58278e-09 2.75066e-08 1.59234e-08 3.99473e-09 2.78519e-10 9.20257e-07 9.52208e-10 2.64279e-09 2.07173e-10 1.88504e-08 2.04587e-08 1.31642e-10  2.9833e-11 4.79679e-11 9.31192e-12 1.61615e-10 2.27087e-11 2.81195e-12 2.22961e-11 1.84445e-12 1.10537e-10 1.63877e-11 1.69114e-10 1.63219e-14 1.19258e-16  1.7474e-15 1.90976e-14 8.50539e-16 4.23859e-19
9.35055e-08 1.58885e-07   0.0197822    0.739653    0.209837   0.0297578  3.3007e-05 4.38744e-06 9.86732e-06  3.3276e-06 9.89889e-07 0.000211523 0.000117721 0.000175168 0.000350095 6.42347e-05 1.11615e-09 3.78451e-09 1.86541e-09 1.83679e-08 2.20442e-08 1.08341e-07 7.99562e-09 1.19664e-08 2.04046e-09 6.17523e-10 3.34602e-13  5.8675e-12 1.11468e-13 1.33887e-13 3.78139e-12 3.80735e-14
   0.983547   0.0164213 7.13385e-10 2.03437e-07 6.79212e-08 1.63407e-07 1.29792e-07 1.45064e-09  2.9761e-05 2.72237e-08 8.46995e-08 4.32242e-11 6.10226e-07 6.58102e-07 3.75685e-10 3.64862e-10 3.30837e-11 3.25284e-11 1.16281e-10 2.81974e-11 6.66118e-12 2.38631e-11 1.33864e-10 3.71821e-10 3.31716e-11 1.18479e-08 1.80869e-12 1.20591e-15 9.27507e-16 1.07252e-14 1.78157e-15 1.30668e-16
   0.996225  0.00377161 7.27788e-08 3.97661e-11 4.04677e-10 1.94656e-08 1.29466e-08 9.13789e-10 2.97822e-06 2.77882e-09 8.51286e-09 5.04838e-13 6.10607e-08 6.60839e-08 2.64223e-11 9.25361e-10 3.05261e-11  2.3189e-11 1.20537e-10 1.66184e-11 3.19161e-12 3.94552e-11 1.07653e-11 1.34235e-10 1.72492e-11 7.37429e-10 8.13823e-14 5.23532e-17 1.14315e-15  1.3162e-14 1.10013e-15  2.8183e-18
6.64317e-07    0.888911   0.0156742 6.05007e-08   0.0130192   0.0823934 2.56192e-08 1.40459e-09 9.81266e-07  3.2505e-10 1.35869e-08 1.78672e-09 3.92266e-08 1.86546e-08  5.0703e-11 2.03211e-09 1.34229e-14 4.25349e-15 1.45494e-14 7.62207e-15 2.66397e-15 4.40552e-15  3.5787e-14  9.2812e-15 3.31647e-15 3.23354e-13 4.64901e-20 1.58226e-21  1.3145e-21 3.15469e-22 5.27603e-22 2.30161e-22
4.92125e-12 9.72033e-10   0.0720214    0.118798    0.623505    0.185665 2.17505e-06 1.38716e-06 3.92277e-08  2.5883e-06 3.44966e-07 4.25268e-07  1.7036e-06 7.16411e-07 1.97483e-06 1.26804e-07  9.4484e-12 4.30447e-12  1.6926e-12  6.2316e-13 2.39164e-12  1.6151e-11 1.11078e-13 5.77062e-12  1.4317e-11 2.11328e-12 8.84329e-17 3.75396e-17 1.53691e-17 1.74283e-17 2.61021e-19 3.52729e-18
