1.0000386917   0.0062828907   0.0011377316   5.6896e-05     3.00191e-05    1.5315e-06     2.31433e-05    1.26537e-05    8.2379e-06     5.1103e-06     2.39143e-05    5.12e-08       6.05e-08       4.8e-09        1.75e-08       3e-10          
1.0013166218   0.0342767086   0.0062462113   0.0004694957   0.0003764826   2.65762e-05    1.73959e-05    8.0796e-06     3.5224e-05     4.55561e-05    0.000533262    6.311e-07      5.1025e-06     1.1367e-06     7.557e-07      3.59e-08       
8.29881e-05    0.0019632223   0.0116770184   0.001694168    0.0004445202   0.1591828379   0.6663497275   0.5311448838   0.1487662514   0.4775402143   0.0018380445   0.0047064065   2.67306e-05    0.0023099226   0.0013208527   3.4791e-05     
1.0013577694   0.0343449317   0.0062585268   0.0004672416   0.0004095973   2.69783e-05    1.72829e-05    8.3105e-06     3.51522e-05    4.57096e-05    0.000534948    6.326e-07      5.124e-06      1.1413e-06     7.588e-07      3.61e-08       
1.0021733729   0.0352223734   0.0064184476   0.0004990055   0.0004097026   2.69585e-05    1.74351e-05    9.1167e-06     3.48964e-05    4.58201e-05    0.0005564863   6.555e-07      5.3938e-06     1.1848e-06     7.976e-07      3.85e-08       
0.0003662808   0.1554072388   0.0633092577   0.2945199662   0.9408043981   0.00127428     0.0006775354   3.2585e-06     4.2426e-05     0.0006901422   0.0004160437   1.1379e-06     4.0201e-06     5.618e-07      2.3728e-06     6.5e-09        
0.0059648353   0.9781780253   0.2068125369   0.0152450072   0.0117633445   0.0001611572   4.26335e-05    3.58095e-05    2.09157e-05    1.96438e-05    0.0058252872   1.02726e-05    1.71536e-05    5.664e-07      2.7897e-06     2.9e-08        
0.0004322426   0.2330046395   0.9227705169   0.1120374329   0.2858115554   0.0005676045   0.001972987    0.0029321923   0.0004207621   0.0010062533   0.0004116636   8.2059e-06     2.8693e-06     4.0146e-06     7.6655e-06     9.6e-09        
0.0016694683   0.9824143773   0.1121269971   0.1172254394   0.0924795104   3.90517e-05    0.0001358952   2.71746e-05    2.01933e-05    0.0001026098   0.0019062147   2.076e-06      1.9591e-06     4.785e-07      1.3839e-06     1e-09          
3.86225e-05    0.0739897006   0.4411638315   0.2582887369   0.8562980039   0.0046418792   0.001262476    0.0015677465   7.51432e-05    0.0018063024   2.66423e-05    6.0329e-06     5.3661e-06     7.7737e-06     1.32332e-05    4.17e-08       
0.0001832844   0.0252142729   0.6270517412   0.6177862993   0.4738345721   0.0009015191   0.0001785853   0.0001581219   7.27997e-05    2.64277e-05    0.0002056593   7.12e-07       9.452e-07      7.217e-07      3.948e-07      1.8e-09        
0.0015911261   0.9986731231   0.0217759621   0.0466037888   0.0032756196   8.27593e-05    8.72004e-05    0.0001068065   1.97577e-05    4.35065e-05    0.0018230286   2.1035e-06     1.7213e-06     2.248e-07      1.5891e-06     1e-09          
1.0000771989   0.0190358269   0.0034524212   0.0002371081   4.75893e-05    2.54732e-05    8.8997e-06     2.4048e-06     2.70646e-05    2.51023e-05    0.0001929757   2.668e-07      1.2383e-06     3.283e-07      2.633e-07      5.3e-09        
0.001286853    0.003840126    0.506383901    0.8349084304   0.2158099627   0.0042159406   0.0040867523   0.0008183085   0.0007477267   0.002450321    0.0009467834   1.89976e-05    6.7627e-06     3.77093e-05    1.33734e-05    6.79e-08       
1.0000659967   0.0159049099   0.0028819708   0.0001680543   8.89436e-05    1.69973e-05    1.6375e-06     1.12102e-05    1.33657e-05    2.36397e-05    0.0001388388   1.475e-07      7.781e-07      3.112e-07      1.752e-07      2.4e-09        
1.0008673118   0.0331981541   0.0060475892   0.0004551826   0.0003769549   2.62833e-05    1.69642e-05    7.7467e-06     3.49516e-05    4.53455e-05    0.0005067497   6.044e-07      4.7732e-06     1.087e-06      7.074e-07      3.31e-08       
1.0000417267   0.0070295582   0.0012733324   6.09155e-05    2.17671e-05    5.0385e-06     7.5995e-06     1.39951e-05    1.24046e-05    1.7711e-06     2.95596e-05    9.4e-09        8.25e-08       5.13e-08       1.5e-08        4e-10          
1.000720181    0.0326267706   0.0059430408   0.0004244799   0.0003536803   2.66329e-05    1.756e-05      7.3855e-06     3.51514e-05    4.55715e-05    0.0004927321   5.856e-07      4.5973e-06     1.0595e-06     6.824e-07      3.15e-08       
1.0000592168   0.013061667    0.0023676932   0.0001576658   2.1525e-05     1.75161e-05    9.3074e-06     1.18508e-05    3.711e-07      2.26738e-05    9.57118e-05    1.491e-07      4.597e-07      2.591e-07      1.948e-07      1.3e-09        
1.842e-07      1.36584e-05    9.576e-07      7.59561e-05    4.36274e-05    0.0026005158   0.0041572257   0.0046758334   0.0005527176   0.0032017763   0.0015381729   0.1847629692   0.1425997468   0.946100266    0.2281468477   0.0009332841   
1.0001161523   0.0234794597   0.0042668105   0.0002675195   0.0001159118   2.27758e-05    1.0797e-05     1.69486e-05    3.27923e-05    3.5886e-05     0.0002812667   2.971e-07      2.1281e-06     7.506e-07      3.347e-07      1.19e-08       
0.0029715904   0.1581710438   0.6277200637   0.6133099754   0.4526033862   0.0051120723   0.0010546638   0.000811103    0.0004081105   0.0001004293   0.0024206723   7.5966e-06     1.35435e-05    8.3032e-06     1.2119e-05     3.3e-08        
9e-08          0.0148460829   0.1256430094   0.9830834646   0.1324433611   6.8391e-05     5.03516e-05    5.27106e-05    8.558e-06      3.29466e-05    3.249e-07      5.14e-08       1.31e-08       1.48e-08       4.5e-08        0.0            
0.0001048458   0.0112787388   0.0020619633   0.0120860838   0.0005618713   0.6567214186   0.3079961202   0.2146146014   0.2842321528   0.4330311755   0.4007160593   0.0019016669   0.0046324325   0.0040039448   0.0047494343   3.15386e-05    
1.0000769604   0.0190003931   0.003445919    0.0002417572   5.84485e-05    2.51146e-05    8.974e-06      3.792e-06      2.55819e-05    2.38005e-05    0.0001922841   2.699e-07      1.232e-06      3.086e-07      2.617e-07      5.3e-09        
1.0001678911   0.0260613676   0.0047356891   0.0003398496   2.81131e-05    2.77366e-05    1.62337e-05    1.20894e-05    3.05728e-05    4.16522e-05    0.0003377872   3.785e-07      2.7606e-06     8.094e-07      4.545e-07      1.66e-08       
1.0030677158   0.035683703    0.0065035597   0.0005156093   0.0003942829   2.67329e-05    1.75754e-05    9.2804e-06     3.48638e-05    4.58168e-05    0.0005676874   6.681e-07      5.5333e-06     1.2055e-06     8.182e-07      3.97e-08       
0.000348802    0.0500381177   0.4092840728   0.2125296476   0.88593756     0.0029068881   0.0037101161   0.0020683718   0.0004923993   0.002894765    0.0003087429   2.02092e-05    3.4505e-06     1.47056e-05    1.54837e-05    2.63e-08       
1.0001062144   0.0227436177   0.0041330338   0.0002398093   0.0001049608   2.18871e-05    1.53928e-05    1.47416e-05    3.69904e-05    3.50282e-05    0.0002658694   2.622e-07      1.9634e-06     6.704e-07      3.055e-07      1.09e-08       
1.00009928     0.0220908609   0.0040105387   0.0002242946   0.0001210373   2.41239e-05    9.946e-06      4.9029e-06     3.66703e-05    3.14618e-05    0.0002524382   3.283e-07      1.8198e-06     5.668e-07      3.062e-07      9.7e-09        
