1.79539e-15           1 2.25628e-20 1.66045e-15
 0.0866522 1.3009e-15   0.912119  0.0012288
   0.996838  4.8033e-13  0.00316065 1.36992e-06
   0.999834 5.89852e-15 0.000166079 6.06406e-09
   0.998813 9.21696e-14  0.00118653 2.46718e-07
   0.994224 6.28809e-13  0.00577213 3.60536e-06
  0.0190786 2.80751e-16    0.979865  0.00105661
   0.994604 7.56853e-13  0.00539288 3.24675e-06
   0.992555 2.29789e-13   0.0074397 5.26985e-06
    0.99287 3.62503e-13  0.00712543  4.9471e-06
   0.995118 9.51386e-13  0.00487926 2.77634e-06
   0.996259 6.59218e-13  0.00373925  1.8096e-06
1.38856e-11           1 9.97256e-14  1.0362e-13
   0.996827 4.83411e-13  0.00317153 1.37782e-06
5.98243e-05 7.21028e-21    0.999896 4.40129e-05
   0.999759 1.38222e-14 0.000241389 1.24686e-08
 0.00221612 5.44413e-18    0.997257 0.000526937
   0.993324 3.79668e-13  0.00667198 4.48811e-06
2.95648e-15           1  6.7329e-21 1.13041e-15
   0.999694 1.74585e-14 0.000305618 1.95908e-08
   0.995733 8.40705e-13  0.00426429 2.24005e-06
   0.998405 1.37236e-13  0.00159463 4.19577e-07
   0.992508 2.22519e-13  0.00748677 5.31849e-06
   0.992407 2.07699e-13   0.0075876 5.42294e-06
   0.996101 7.13368e-13  0.00389694 1.93596e-06
   0.997813 2.38553e-13  0.00218669 7.30928e-07
6.89559e-13           1 1.80501e-15 3.77305e-14
   0.999857 4.91608e-15 0.000142879 4.53093e-09
   0.995632 8.80596e-13  0.00436616 2.32665e-06
    0.99231 1.94374e-13  0.00768492 5.52406e-06
   0.997842 2.41656e-13  0.00215705 7.13811e-07
   0.999915 2.62029e-15 8.52996e-05 1.65983e-09
   0.999114 5.34587e-14 0.000886214 1.44763e-07
 1.7246e-07 9.70971e-14 0.000936328    0.999063
   0.995821 8.15328e-13  0.00417703 2.16664e-06
   0.998124 1.81567e-13  0.00187518 5.58837e-07
2.57683e-14           1 3.33221e-18 6.35471e-15
   0.994377 8.32928e-13  0.00561966 3.46012e-06
    0.99459 7.51986e-13  0.00540661 3.25956e-06
   0.999499 2.97348e-14 0.000500657 4.99676e-08
   0.999961 9.52643e-16 3.89321e-05 3.56294e-10
   0.998732 1.01802e-13  0.00126772 2.78105e-07
   0.999782 1.25198e-14  0.00021767 1.02203e-08
   0.999736 1.03753e-14 0.000263607 1.47632e-08
   0.998776 8.84649e-14  0.00122363 2.60867e-07
   0.997445 3.25563e-13   0.0025545 9.55496e-07
   0.998339 1.55668e-13  0.00166063 4.50922e-07
 0.00155422 2.52386e-18    0.998003 0.000442369
6.85907e-15           1 3.91378e-19 3.61286e-15
2.05828e-06 4.75662e-23    0.999996 1.93827e-06
   0.999456 2.65262e-14  0.00054403 5.84159e-08
    0.99979 7.84185e-15 0.000209929 9.53204e-09
4.39535e-15 6.69154e-18  1.3283e-07           1
   0.997786 2.52598e-13  0.00221277 7.46112e-07
   0.999329 3.55465e-14  0.00067091 8.64583e-08
   0.999833 9.77724e-15 0.000166666 6.10556e-09
   0.995157 9.67184e-13  0.00484013 2.74129e-06
    0.99739 3.29119e-13  0.00260861 9.90342e-07
   0.995883 7.92129e-13  0.00411506 2.11494e-06
8.38492e-14           1 4.37791e-17 1.27241e-14
   0.999767 1.33398e-14 0.000232644 1.16153e-08
 0.00075803 5.19421e-19    0.998947 0.000294642
1.19269e-07 1.22945e-29           1 1.17541e-07
   0.999965 8.12402e-16 3.46832e-05 2.83757e-10
3.11108e-14           1 5.19653e-18   7.149e-15
   0.993056  3.2086e-13  0.00693915 4.75753e-06
   0.993729 6.07116e-13  0.00626712 4.08589e-06
   0.998042 2.04562e-13  0.00195716 6.02412e-07
   0.998515 1.29998e-13   0.0014844 3.69261e-07
2.37481e-13           1 3.00698e-16 2.21209e-14
  0.0139269 1.74697e-16    0.985083 0.000990331
   0.996961 4.46321e-13  0.00303789  1.2819e-06
   0.997384 3.39607e-13  0.00261528  9.9467e-07
   0.999586 2.40391e-14 0.000414156 3.49232e-08
1.41219e-13           1 1.43426e-16 1.78222e-14
   0.997051  4.2235e-13  0.00294824 1.21889e-06
   0.999031 6.88038e-14 0.000969081  1.7059e-07
   0.999271 4.00383e-14  0.00072884 1.00855e-07
 0.00164819 2.86961e-18    0.997896 0.000455909
   0.995589 9.05323e-13  0.00440876 2.36313e-06
   0.999679 1.83357e-14 0.000320655 2.14718e-08
4.54481e-14           1 1.22074e-17 8.97877e-15
   0.995621 8.92608e-13  0.00437681 2.33575e-06
3.94309e-12 2.11238e-16 4.00981e-06    0.999996
   0.998202 1.68615e-13  0.00179736 5.18654e-07
   0.999801 1.14981e-14 0.000198822 8.58405e-09
   0.995547 9.22077e-13  0.00445049 2.39903e-06
   0.998073 1.90304e-13  0.00192602 5.85713e-07
   0.993867 6.52239e-13  0.00612928 3.95076e-06
   0.995235 1.18469e-12   0.0047628 2.67238e-06
2.33543e-14           1 4.99729e-18  7.0867e-15
          1 1.63764e-19 3.31903e-09 2.75246e-18
9.96608e-14           1 6.14719e-17 1.39909e-14
   0.999474 3.14871e-14 0.000526022 5.48362e-08
2.80661e-13           1 3.99999e-16 2.40714e-14
     0.9998 7.37492e-15 0.000199622 8.65079e-09
 0.00244425 6.70687e-18    0.997004 0.000551316
   0.997814 2.47076e-13  0.00218482 7.29842e-07
   0.996955    4.48e-13  0.00304406 1.28628e-06
8.24974e-05 1.08237e-20     0.99986 5.77585e-05
   0.991995 1.72856e-13  0.00799893 5.85237e-06
   0.999827 1.01283e-14 0.000173262 6.58145e-09
0.000791067 5.70213e-19    0.998907 0.000302415
2.95504e-14           1  7.9847e-18 8.02493e-15
    0.99861 1.17175e-13  0.00138932 3.27967e-07
   0.999905 6.01337e-15 9.54079e-05 2.06544e-09
   0.994293 6.50978e-13  0.00570352 3.53983e-06
   0.998518 1.29617e-13  0.00148164 3.68036e-07
   0.997867 2.28044e-13   0.0021325 6.99745e-07
   0.994522 7.27979e-13  0.00547504 3.32367e-06
   0.995563 9.08149e-13  0.00443508 2.38576e-06
   0.995363 9.97751e-13  0.00463405 2.55871e-06
   0.999164 4.90034e-14 0.000836259 1.30083e-07
   0.999286 4.57173e-14    0.000714  9.7074e-08
   0.992698 2.53272e-13  0.00729654 5.12238e-06
   0.995642 8.84247e-13  0.00435566 2.31767e-06
 0.00406426 1.91191e-17    0.995253 0.000682352
   0.998797 9.40976e-14  0.00120312 2.53006e-07
7.15128e-15           1 4.27716e-19 3.69948e-15
   0.998606 1.17782e-13  0.00139394 3.29929e-07
   0.998799 8.58632e-14  0.00120117 2.52263e-07
 0.00192231 4.00936e-18    0.997585 0.000492279
   0.999611 2.24607e-14 0.000389004 3.10119e-08
   0.996266 6.48464e-13  0.00373226 1.80406e-06
   0.996796 4.92351e-13   0.0032029 1.40066e-06
2.60618e-15           1 4.40548e-21 9.91247e-16
   0.699347 1.21175e-12    0.300172 0.000481804
   0.996508 5.78424e-13  0.00349019 1.61554e-06
2.61269e-17           1  5.2077e-23 2.45915e-17
   0.999967 2.60571e-15 3.32299e-05 2.60799e-10
    0.99729 3.53072e-13  0.00270937 1.05641e-06
   0.996928 4.55167e-13  0.00307029 1.30495e-06
   0.996194 6.81161e-13  0.00380397 1.86115e-06
 7.1116e-09 1.27366e-14 0.000178848    0.999821
   0.994311 8.08502e-13  0.00568513 3.52232e-06
   0.999375  3.2142e-14 0.000624832 7.57116e-08
   0.998545 1.25928e-13  0.00145478 3.56186e-07
6.16092e-15           1 3.11305e-19 3.39845e-15
   0.998664  1.0202e-13  0.00133555 3.05503e-07
   0.999157 4.96113e-14 0.000843198 1.32082e-07
    0.99285 3.57529e-13   0.0071455  4.9676e-06
   0.999848 5.30962e-15 0.000152263 5.12552e-09
   0.996024 7.32375e-13   0.0039737 1.99841e-06
   0.999801 7.36733e-15 0.000199453 8.63671e-09
   0.995834 8.10361e-13  0.00416384 2.15561e-06
   0.997833  2.3463e-13  0.00216662 7.19316e-07
    0.99576 8.30635e-13  0.00423816   2.218e-06
    0.99574 8.46021e-13  0.00425756 2.23436e-06
   0.993528 4.29259e-13  0.00646812 4.28462e-06
   0.996912 4.50859e-13  0.00308665 1.31663e-06
0.000102001 1.43166e-20    0.999829  6.8841e-05
   0.994222 6.28134e-13  0.00577424 3.60738e-06
    0.99808 1.89103e-13   0.0019191 5.82029e-07
 0.00815973 7.13121e-17    0.990977 0.000863037
   0.999651 2.00293e-14 0.000349186 2.52582e-08
   0.996882 4.67992e-13  0.00311668 1.33817e-06
   0.999516 2.26518e-14 0.000484182 4.69152e-08
   0.999528 2.77757e-14 0.000471626 4.46472e-08
   0.998563 1.23415e-13  0.00143625 3.48101e-07
   0.995975 7.50232e-13  0.00402313 2.03893e-06
   0.998624 1.15417e-13  0.00137587 3.22285e-07
   0.996989 4.38782e-13  0.00300998 1.26217e-06
   0.995145 1.14536e-12  0.00485196 2.75188e-06
   0.995597 9.02097e-13  0.00440068 2.35619e-06
   0.994671 9.46932e-13  0.00532573  3.1842e-06
   0.998974 6.68856e-14  0.00102575 1.89285e-07
1.45751e-15           1  6.3772e-22 5.06069e-16
   0.996968 4.35638e-13  0.00303105 1.27706e-06
   0.997665 2.77348e-13   0.0023341 8.18283e-07
   0.996467 5.82945e-13  0.00353174 1.64743e-06
   0.999414 2.94164e-14 0.000586418 6.72397e-08
   0.997583 2.94721e-13  0.00241577 8.68223e-07
   0.999987 1.62332e-16 1.26577e-05 3.86778e-11
   0.994897  1.0391e-12  0.00510035 2.97652e-06
   0.998187 1.79874e-13  0.00181292 5.26594e-07
   0.999928 4.78506e-15 7.23819e-05 1.20394e-09
1.79861e-14           1 2.94345e-18 6.16229e-15
   0.996102 7.13165e-13  0.00389636 1.93549e-06
   0.996473 5.80966e-13   0.0035255 1.64262e-06
    0.99998 1.80206e-15  1.9984e-05 9.55421e-11
   0.994587 7.50998e-13   0.0054094 3.26218e-06
   0.998511 1.22204e-13  0.00148886 3.71248e-07
 1.0326e-11           1 6.86968e-14 9.66142e-14
   0.999973 5.74902e-16   2.723e-05 1.76076e-10
   0.999597 2.33314e-14 0.000402944 3.31536e-08
   0.999054 6.65134e-14 0.000945863 1.63171e-07
   0.993902 5.30634e-13  0.00609443 3.91675e-06
   0.999479 3.11081e-14 0.000520583  5.3775e-08
   0.998852  7.9887e-14  0.00114824 2.32464e-07
1.71571e-15           1  1.0756e-21 6.18729e-16
   0.996572 5.50188e-13  0.00342691 1.56736e-06
   0.999935  1.8554e-15 6.47305e-05  9.6733e-10
   0.999815 1.07773e-14 0.000185411 7.50203e-09
   0.999987 1.66117e-16 1.28128e-05 3.96231e-11
   0.996011 7.45403e-13  0.00398716 2.00942e-06
   0.996056 7.20883e-13  0.00394155 1.97218e-06
   0.998618 1.16132e-13  0.00138135 3.24596e-07
   0.995107 9.46894e-13  0.00489045 2.78638e-06
0.000172332 3.04912e-20    0.999723 0.000104618
   0.999117 6.05244e-14 0.000883205  1.4386e-07
   0.999978 1.91821e-15 2.18317e-05 1.13797e-10
   0.997031  4.1876e-13  0.00296816 1.23279e-06
3.74121e-15           1 1.46398e-20 1.42775e-15
   0.998356 1.53095e-13  0.00164371 4.42799e-07
0.000141512 2.26593e-20    0.999769 8.96375e-05
   0.992938 3.79665e-13   0.0070572 4.87751e-06
   0.999821 1.04402e-14 0.000179108 7.01735e-09
4.44095e-06 2.21892e-22    0.999991 4.06799e-06
   0.996616  5.4512e-13    0.003382 1.53345e-06
   0.998785 9.54722e-14  0.00121485 2.57488e-07
   0.999937 1.80042e-15 6.32147e-05 9.23434e-10
   0.993981 6.90848e-13  0.00601505 3.83952e-06
   0.999692 1.75953e-14 0.000307975 1.98804e-08
   0.994186 7.62775e-13  0.00581035 3.64198e-06
   0.999126 5.96509e-14 0.000873816 1.41057e-07
    0.99814 1.78881e-13  0.00185929 5.50537e-07
   0.998988 7.30803e-14  0.00101142 1.84477e-07
   0.997706 2.68908e-13  0.00229342 7.93811e-07
   0.999997 5.98725e-16 3.27318e-06 2.63135e-12
   0.998129  1.8944e-13  0.00187001 5.56134e-07
   0.997824 2.36403e-13  0.00217571 7.24567e-07
   0.993589 5.63157e-13  0.00640642 4.22341e-06
   0.994418 8.48585e-13  0.00557819 3.42085e-06
2.39371e-15           1 4.13665e-20 1.96399e-15
   0.992837  3.5452e-13   0.0071577 4.98007e-06
   0.999739 1.02424e-14  0.00026088 1.44719e-08
1.52027e-06 2.02581e-23    0.999997 1.44364e-06
   0.995525 9.31101e-13   0.0044728 2.41829e-06
1.87867e-05 1.73123e-21    0.999965 1.57396e-05
1.54126e-07 9.00061e-14 0.000882625    0.999117
     0.9969 4.54238e-13  0.00309885 1.32537e-06
   0.999229  5.0514e-14 0.000771317 1.12025e-07
0.000534004  2.4504e-19     0.99923 0.000235876
   0.998732 1.01862e-13  0.00126821 2.78299e-07
   0.992499 2.21177e-13  0.00749562 5.32764e-06
   0.999882 7.18775e-15 0.000117649 3.10667e-09
0.000178495 3.22112e-20    0.999714 0.000107503
   0.998344 1.46288e-13  0.00165542 4.48412e-07
4.56044e-15           1 2.76465e-20 1.71887e-15
   0.999124 5.24845e-14 0.000875464 1.41547e-07
    0.99987 7.85775e-15 0.000130365 3.79254e-09
   0.992652 2.45488e-13  0.00734262 5.16977e-06
   0.998051 1.94304e-13  0.00194888 5.97955e-07
   0.998211 1.67103e-13  0.00178808 5.13938e-07
2.30629e-14           1 2.54872e-18 5.91944e-15
    0.99613 7.03421e-13  0.00386847 1.91296e-06
2.72794e-12           1 1.25568e-14 6.52219e-14
   0.998859 7.90355e-14  0.00114054 2.29639e-07
   0.998519 1.21038e-13  0.00148037 3.67474e-07
 0.00176457 3.32989e-18    0.997764 0.000471886
   0.999659 1.43202e-14 0.000340741  2.4108e-08
0.000930092 8.13666e-19    0.998737 0.000333117
   0.996301 6.36634e-13  0.00369689 1.77611e-06
   0.992849 3.57398e-13  0.00714603 4.96814e-06
   0.996056 7.20912e-13  0.00394163 1.97225e-06
   0.996101 7.04987e-13  0.00389662 1.93571e-06
   0.999519 2.84295e-14 0.000481394 4.64072e-08
   0.998754 9.11044e-14  0.00124608 2.69585e-07
   0.996623   5.431e-13  0.00337532 1.52843e-06
   0.997585  2.8551e-13  0.00241448 8.67426e-07
   0.995653 8.79793e-13  0.00434435 2.30802e-06
   0.997967 2.09352e-13  0.00203272 6.43676e-07
   0.999857 4.91119e-15 0.000142761 4.52371e-09
   0.993454 5.22043e-13  0.00654171 4.35786e-06
   0.999866 4.53298e-15 0.000133621 3.97861e-09
    0.99939 3.10935e-14 0.000610223  7.2437e-08
   0.994704 7.92734e-13  0.00529317 3.15398e-06
1.98396e-17           1 3.03827e-23 1.88154e-17
   0.997526 2.98436e-13  0.00247359 9.04228e-07
 1.4754e-05 1.27024e-21    0.999973 1.26041e-05
   0.998411 1.44928e-13  0.00158896 4.16928e-07
    0.99977 8.79106e-15 0.000230469 1.14075e-08
   0.999956 3.23535e-15 4.41836e-05 4.57037e-10
   0.997067 4.17935e-13  0.00293143 1.20719e-06
    0.99686 4.65302e-13  0.00313848 1.35388e-06
          1 5.75915e-19 1.13871e-08 3.23831e-17
   0.997349 3.38883e-13  0.00265014 1.01739e-06
   0.999997 4.67441e-19 3.19467e-06 2.50716e-12
   0.999327 3.56947e-14 0.000672872 8.69299e-08
   0.998543 1.26115e-13  0.00145616 3.56789e-07
   0.998675 1.00606e-13  0.00132424 3.00862e-07
   0.999682 1.31081e-14 0.000317786 2.11067e-08
   0.995849  7.9652e-13  0.00414836 2.14268e-06
   0.994359 6.72836e-13  0.00563717 3.47673e-06
7.07114e-06 4.61064e-22    0.999987 6.33358e-06
   0.999462 2.61309e-14 0.000538091  5.7224e-08
   0.998668  1.0973e-13  0.00133156 3.03861e-07
   0.999858 8.49718e-15  0.00014249 4.50706e-09
   0.999777 1.28005e-14 0.000222811 1.06898e-08
  0.0145314 1.86703e-16    0.984469 0.000999713
   0.996142 6.90795e-13  0.00385604 1.90294e-06
   0.998381 1.49325e-13  0.00161863 4.30874e-07
   0.999911 2.74645e-15 8.86115e-05 1.78802e-09
1.02192e-14           1 3.04925e-19 3.35812e-15
   0.999038 6.05753e-14 0.000962052 1.68329e-07
   0.999825 6.26419e-15 0.000174529 6.67476e-09
   0.996712 5.08051e-13  0.00328699 1.46252e-06
   0.996289 6.40814e-13  0.00370942   1.786e-06
4.93411e-06 2.64149e-22    0.999991 4.49877e-06
   0.998856 7.94324e-14  0.00114413 2.30956e-07
   0.997081 4.05633e-13  0.00291829 1.19808e-06
   0.999617 2.20755e-14 0.000382783 3.00774e-08
   0.996076 7.14126e-13  0.00392252 1.95671e-06
   0.996859 4.65541e-13  0.00313933 1.35449e-06
   0.999167 4.87389e-14 0.000833227 1.29214e-07
   0.993813 5.05294e-13  0.00618334 4.00364e-06
 4.1517e-14           1 1.00029e-17 8.51176e-15
   0.995888 7.90073e-13  0.00410951 2.11034e-06
3.73093e-06  1.6394e-22    0.999993 3.44227e-06
   0.999382 3.81522e-14 0.000617769 7.41204e-08
   0.999866 8.02595e-15 0.000133556  3.9749e-09
   0.997643 2.73046e-13   0.0023561  8.3163e-07
   0.996753 5.04639e-13  0.00324551  1.4319e-06
   0.993792 6.27612e-13   0.0062039 4.02379e-06
   0.999897 3.31874e-15 0.000103392 2.41583e-09
   0.995671 8.65195e-13  0.00432713 2.29336e-06
   0.992565 2.90553e-13  0.00742997 5.25981e-06
   0.999791 7.80423e-15 0.000209103 9.45998e-09
2.64408e-17           1 5.33229e-23 2.48781e-17
   0.996427 5.95703e-13   0.0035717 1.67829e-06
   0.994134 6.00489e-13  0.00586185 3.69146e-06
   0.999915 2.59275e-15 8.45739e-05 1.63235e-09
   0.999917 2.54599e-15 8.33394e-05 1.58612e-09
   0.996998 4.36245e-13  0.00300053 1.25551e-06
   0.997787  2.5247e-13  0.00221213 7.45738e-07
    0.99679 4.93939e-13  0.00320844 1.40471e-06
0.000616377 3.32162e-19    0.999125 0.000258846
   0.997728 2.64432e-13  0.00227156 7.80774e-07
0.000730865 4.79727e-19    0.998981 0.000288098
    0.99348 4.17371e-13   0.0065155 4.33174e-06
   0.994345 6.68224e-13  0.00565107 3.48992e-06
    0.99408 7.25271e-13  0.00591584 3.74349e-06
 0.00378367 1.65652e-17    0.995553 0.000663623
   0.999634 2.10373e-14 0.000365854 2.76008e-08
    0.99454 7.34396e-13  0.00545662 3.30639e-06
   0.997559 2.91053e-13  0.00243999 8.83245e-07
   0.999685 1.29546e-14 0.000314835 2.07344e-08
    0.99746 3.22125e-13   0.0025394 9.45853e-07
2.14696e-13           1 2.90296e-16 2.18982e-14
   0.995967 7.61049e-13  0.00403046 2.04497e-06
   0.999976 4.74088e-16 2.39295e-05 1.36421e-10
   0.998723 9.47433e-14  0.00127648 2.81584e-07
   0.999048 5.95467e-14 0.000951367 1.64917e-07
   0.998111 1.92666e-13  0.00188891  5.6605e-07
   0.999554 2.61111e-14 0.000446373  4.0241e-08
   0.999739 1.02288e-14 0.000260599 1.44419e-08
   0.999352 3.38289e-14 0.000647914 8.10161e-08
2.66541e-13           1  3.6647e-16 2.34542e-14
    0.99898 7.39787e-14  0.00102015   1.874e-07
   0.997936 2.23929e-13  0.00206378 6.60943e-07
    0.99998 1.79446e-15  1.9864e-05 9.44104e-11
1.65521e-14           1 1.10996e-18 4.74867e-15
   0.999153 5.72137e-14 0.000847259 1.33257e-07
   0.999781 1.26047e-14 0.000219226 1.03614e-08
1.42651e-06  4.2586e-13  0.00287689    0.997122
0.000604759  3.1891e-19     0.99914 0.000255712
   0.996413 6.00101e-13  0.00358537 1.68888e-06
   0.997969 2.17814e-13  0.00203068 6.42551e-07
   0.996983 4.40375e-13   0.0030159 1.26635e-06
   0.996694 5.13242e-13  0.00330456 1.47555e-06
   0.997047 4.23227e-13  0.00295157 1.22121e-06
   0.994158  7.5274e-13  0.00583833 3.66884e-06
   0.997512 3.10382e-13  0.00248716 9.12756e-07
   0.997324 3.53709e-13  0.00267494 1.03367e-06
   0.997185 3.78908e-13  0.00281402  1.1266e-06
   0.992058 1.64379e-13  0.00793638 5.78674e-06
   0.999066 5.78529e-14 0.000933576 1.59302e-07
   0.998736  9.3242e-14  0.00126401 2.76636e-07
   0.992035 1.62019e-13  0.00795875 5.81019e-06
   0.999771 1.31462e-14 0.000229121 1.12796e-08
   0.999236 4.28513e-14 0.000763636 1.09967e-07
   0.999519  2.2444e-14 0.000480865 4.63111e-08
   0.994995 1.08072e-12   0.0050017 2.88675e-06
   0.996829 4.82965e-13  0.00316996 1.37668e-06
   0.999937 1.78855e-15 6.28869e-05  9.1407e-10
7.31981e-09 1.29591e-14 0.000181518    0.999818
   0.997506 3.02836e-13  0.00249339 9.16685e-07
 0.00096853 8.89674e-19     0.99869  0.00034109
2.50291e-12           1 1.08968e-14 6.28306e-14
   0.993779 4.95865e-13  0.00621712 4.03676e-06
   0.999915  2.6194e-15 8.52762e-05 1.65894e-09
   0.998627 1.14983e-13  0.00137252 3.20878e-07
   0.995643 8.83724e-13  0.00435433 2.31654e-06
   0.994591 7.52351e-13  0.00540557  3.2586e-06
1.93585e-19           1 9.39582e-23 1.34589e-16
   0.997354 3.46636e-13  0.00264518 1.01415e-06
   0.073875 1.19914e-15    0.924899   0.0012256
   0.996207 6.68515e-13  0.00379141 1.85112e-06
   0.995731 8.49661e-13    0.004267 2.24235e-06
9.10306e-14           1 5.15054e-17 1.33139e-14
    0.99644  5.9137e-13  0.00355818 1.66782e-06
    0.99524 1.18722e-12   0.0047571 2.66732e-06
   0.995576 9.02573e-13  0.00442123 2.37384e-06
   0.995873 7.87551e-13  0.00412441 2.12272e-06
6.13279e-16           1 2.58842e-21 9.02264e-16
5.54255e-12           1  3.1767e-14 8.19503e-14
   0.995774 8.25012e-13   0.0042235 2.20565e-06
1.70629e-14           1 1.20009e-18 4.84822e-15
   0.999554 2.02722e-14 0.000445469  4.0087e-08
   0.995523  9.3191e-13   0.0044748 2.42001e-06
0.000489069 2.04019e-19    0.999288 0.000222549
   0.997643 2.73086e-13  0.00235629 8.31746e-07
 0.00106014 1.08618e-18    0.998581 0.000359298
1.03389e-14           1 9.33026e-19 4.55081e-15
   0.995403 9.81297e-13   0.0045948 2.52433e-06
   0.998989 6.53641e-14  0.00101067 1.84229e-07
    0.99756 2.99698e-13  0.00243867 8.82425e-07
    0.99868 1.00004e-13  0.00131941 2.98887e-07
   0.999897 6.40977e-15 0.000102901 2.39352e-09
   0.994216 6.26317e-13  0.00577993 3.61282e-06
   0.999492 2.41635e-14 0.000507976 5.13515e-08
   0.994667 9.45148e-13  0.00533019 3.18834e-06
   0.999308 4.39043e-14 0.000691624 9.14937e-08
    0.99868  1.0002e-13  0.00131953 2.98938e-07
   0.996921 4.57294e-13  0.00307804 1.31047e-06
  0.0010515 1.06672e-18    0.998591 0.000357626
   0.999994 3.26545e-17 6.38729e-06  9.9495e-12
   0.997053 4.21806e-13  0.00294618 1.21745e-06
   0.999704 1.68996e-14 0.000295942  1.8423e-08
0.000221841 1.83542e-11   0.0465854    0.953193
   0.996819 4.85735e-13  0.00317972 1.38377e-06
   0.997176 3.90059e-13  0.00282297 1.13267e-06
   0.995855 8.02623e-13  0.00414321 2.13838e-06
   0.998694 9.82513e-14  0.00130524 2.93128e-07
    0.99339 5.03266e-13  0.00660528 4.42132e-06
   0.998574 1.13632e-13  0.00142548 3.43439e-07
   0.994567 7.43679e-13  0.00543015 3.28158e-06
   0.997538 3.04562e-13  0.00246086  8.9626e-07
    0.99932 3.62538e-14 0.000680239 8.87105e-08
   0.998233 1.63617e-13  0.00176649 5.03039e-07
   0.995511 9.28985e-13  0.00448646 2.43009e-06
   0.999714 1.14767e-14 0.000285871 1.72428e-08
   0.998562 1.15225e-13  0.00143745 3.48622e-07
   0.996266 6.56896e-13  0.00373233 1.80412e-06
1.64193e-08 2.12003e-14 0.000275157    0.999725
    0.99825 1.69609e-13  0.00174978 4.94664e-07
   0.996681 5.17122e-13  0.00331763 1.48527e-06
   0.997167 3.83378e-13  0.00283173 1.13863e-06
4.46982e-15           1 1.56744e-19 2.82574e-15
   0.999569 2.51244e-14 0.000431142 3.76843e-08
4.08914e-15           1  1.2956e-19 2.68371e-15
   0.995575 9.03281e-13  0.00442299 2.37536e-06
   0.998626  1.1514e-13  0.00137373 3.21386e-07
   0.999358 3.33569e-14 0.000641507 7.95276e-08
5.32915e-14           1 2.48805e-17 1.08974e-14
  0.996054 7.3008e-13 0.00394427 1.9744e-06
   0.995586 9.06503e-13  0.00441171 2.36567e-06
1.95087e-15           1 1.64973e-21 7.19668e-16
   0.997347 3.48267e-13  0.00265208 1.01866e-06
3.61587e-13           1 6.09984e-16 2.72954e-14
   0.994349 8.22356e-13  0.00564788  3.4869e-06
   0.998394 1.47433e-13  0.00160592 4.24877e-07
   0.998536 1.27191e-13  0.00146403 3.60249e-07
   0.999043 6.00915e-14 0.000957037 1.66724e-07
1.77698e-14           1 2.87159e-18 6.12222e-15
   0.998381 1.40716e-13  0.00161824 4.30687e-07
2.44322e-11           1 1.95996e-13 1.15562e-13
   0.998914 7.31531e-14  0.00108615  2.1011e-07
   0.992298 2.33395e-13  0.00769664 5.53626e-06
3.58615e-13           1   6.637e-16 2.79975e-14
   0.998227 1.64509e-13  0.00177204  5.0583e-07
   0.998222 1.74081e-13  0.00177754 5.08605e-07
   0.995122 1.13511e-12  0.00487543 2.77291e-06
   0.999447 3.34215e-14 0.000553398  6.0318e-08
   0.999354 4.02884e-14 0.000645729  8.0507e-08
   0.998138 1.79312e-13  0.00186185  5.5187e-07
4.05478e-13           1 7.35245e-16 2.88619e-14
  0.0696513 1.15603e-15    0.929125  0.00122333
   0.998384 1.40252e-13  0.00161511 4.29207e-07
   0.993145 3.39558e-13  0.00685066 4.66796e-06
  0.0195311 2.90357e-16    0.979408  0.00106123
    0.99731 3.57142e-13  0.00268927 1.04311e-06
    0.99524 1.00101e-12  0.00475746 2.66764e-06
3.39777e-06 1.38165e-22    0.999993 3.14626e-06
   0.999102 6.19244e-14 0.000898116 1.48361e-07
   0.994873 1.02922e-12  0.00512403 2.99817e-06
    0.99878  8.8058e-14  0.00122014 2.59522e-07
   0.997705 2.69073e-13  0.00229422 7.94288e-07
  0.0229725 3.63976e-16    0.975936  0.00109187
   0.996113 7.01004e-13  0.00388527 1.92653e-06
   0.993421 4.02939e-13  0.00657424  4.3903e-06
5.27122e-14           1 2.43747e-17 1.08365e-14
   0.999938 1.75943e-15 6.20809e-05 8.91245e-10
   0.999589 1.82618e-14 0.000411448  3.4492e-08
   0.998652 1.11811e-13  0.00134791 3.10607e-07
   0.999828 1.00775e-14 0.000172309 6.51162e-09
    0.99907 6.49527e-14 0.000929813 1.58125e-07
   0.996824 4.75548e-13  0.00317472 1.38013e-06
  0.0259936 4.28741e-16    0.972893  0.00111354
   0.999928 2.11045e-15 7.16912e-05 1.18155e-09
    0.99504 9.20478e-13  0.00495681 2.84615e-06
   0.993248 4.62648e-13  0.00674696 4.56342e-06
   0.999869 7.90914e-15  0.00013134 3.84783e-09
   0.998717 1.03602e-13  0.00128244 2.83958e-07
1.46485e-14           1 8.07821e-19 4.36339e-15
   0.996501 5.71993e-13  0.00349705 1.62079e-06
  0.0019759 4.25475e-18    0.997525 0.000498907
   0.999407 3.63191e-14 0.000593241 6.87117e-08
   0.999658 1.43848e-14 0.000341947 2.42708e-08
2.64707e-07 1.78146e-28    0.999999 2.59022e-07
   0.998706 1.04947e-13  0.00129335  2.8833e-07
   0.996356 6.27086e-13  0.00364231 1.73325e-06
   0.994411 6.90259e-13  0.00558516 3.42745e-06
   0.994546 7.36603e-13  0.00545031 3.30047e-06
   0.992759 2.63852e-13  0.00723583 5.06007e-06
   0.999994 7.92192e-16 5.50696e-06 7.40909e-12
   0.994043 7.12142e-13  0.00595339 3.77978e-06
   0.998804  9.3227e-14  0.00119565 2.50167e-07
   0.998682 1.07944e-13   0.0013174 2.98066e-07
   0.998398 1.38283e-13  0.00160177 4.22924e-07
   0.994939 8.81087e-13  0.00505769 2.93762e-06
    0.99938 3.83412e-14  0.00062027  7.4682e-08
   0.996813 4.78652e-13  0.00318562 1.38806e-06
   0.994161  7.5395e-13  0.00583494 3.66558e-06
   0.999237 4.28179e-14 0.000763229 1.09859e-07
1.14235e-06 3.63002e-13  0.00255367    0.997445
   0.999937 4.25573e-15 6.26058e-05 9.06078e-10
   0.995935 7.73029e-13  0.00406329 2.07204e-06
   0.999991   1.057e-15 8.93839e-06 1.93958e-11
2.64206e-10  1.9482e-15 3.33944e-05    0.999967
   0.998742 1.00532e-13  0.00125725 2.73969e-07
   0.999986 1.94044e-16 1.39342e-05  4.6791e-11
 9.5982e-15           1 7.97793e-19  4.3661e-15
   0.999343 4.11579e-14 0.000656925 8.31299e-08
   0.997912 2.28288e-13  0.00208708 6.74005e-07
   0.993593 5.64264e-13  0.00640285 4.21987e-06
   0.997932 2.15691e-13  0.00206707 6.62779e-07
    0.99915 5.01943e-14 0.000849815    1.34e-07
   0.999937 1.80264e-15 6.32763e-05 9.25197e-10
   0.999956 1.12767e-15 4.41183e-05 4.55709e-10
   0.995672  8.6447e-13  0.00432529 2.29179e-06
5.80098e-14           1 2.06023e-17 1.03429e-14
          1 1.46923e-18   2.959e-08 2.18525e-16
   0.993014 3.12217e-13  0.00698135 4.80035e-06
   0.998265 1.67229e-13  0.00173485 4.87226e-07
   0.999989 1.25874e-16 1.11155e-05 2.98928e-11
   0.996607 5.39242e-13  0.00339114 1.54033e-06
   0.994464 7.08033e-13  0.00553286 3.37806e-06
 0.00595411 4.00837e-17    0.993264 0.000782335
   0.994955 1.06364e-12  0.00504195  2.9233e-06
    0.99607 7.16042e-13  0.00392793  1.9611e-06
   0.996509 5.78324e-13  0.00348987 1.61529e-06
   0.994293 6.50913e-13  0.00570372 3.54002e-06
   0.997274 3.56742e-13  0.00272448 1.06645e-06
   0.999953 3.40966e-15 4.72803e-05 5.22152e-10
   0.999362 3.31169e-14 0.000638233 7.87719e-08
   0.999255 4.82396e-14 0.000744468 1.04905e-07
   0.999996 8.39588e-18 4.47744e-06 4.90892e-12
   0.999961 2.91256e-15 3.85182e-05 3.48874e-10
   0.993157 4.37448e-13  0.00683802 4.65519e-06
   0.997086 4.04093e-13  0.00291239 1.19399e-06
   0.998721 9.49802e-14  0.00127844 2.82364e-07
   0.994314 8.09429e-13  0.00568263 3.51993e-06
2.61446e-14           1 6.26308e-18 7.52349e-15
   0.997047 4.23316e-13  0.00295191 1.22145e-06
   0.997459 3.22204e-13  0.00253975 9.46075e-07
   0.999915 5.48059e-15 8.53759e-05 1.66273e-09
   0.996965 4.45093e-13  0.00303336 1.27869e-06
   0.997665 2.68529e-13   0.0023346 8.18582e-07
   0.997368 3.43176e-13   0.0026305 1.00457e-06
   0.996726 5.03835e-13  0.00327265 1.45191e-06
   0.995643 8.76178e-13  0.00435501 2.31712e-06
   0.998464 1.28685e-13  0.00153525 3.92154e-07
   0.997293  3.5213e-13  0.00270548 1.05383e-06
   0.999996 6.40344e-16 3.72905e-06 3.41124e-12
   0.994392 6.83583e-13    0.005605 3.44622e-06
   0.999991 8.17953e-17 9.08822e-06 2.00465e-11
   0.999801 7.33703e-15  0.00019878 8.58055e-09
   0.993861 5.18931e-13  0.00613516  3.9565e-06
   0.999432   2.812e-14 0.000567627 6.32594e-08
  0.0119967 1.37545e-16    0.987047 0.000956427
   0.994512 7.24474e-13  0.00548513 3.33315e-06
 3.4226e-11           1 2.90654e-13 1.21752e-13
   0.995435 9.60177e-13  0.00456222 2.49588e-06
   0.999853 8.75677e-15 0.000147405 4.81339e-09
   0.998528 1.19882e-13  0.00147193 3.63732e-07
   0.998847   8.035e-14  0.00115241 2.33999e-07
   0.999641 1.52949e-14 0.000358764 2.65928e-08
7.36325e-14           1 4.52807e-17 1.28519e-14
 0.00464015 2.48413e-17    0.994643  0.00071712
   0.998064 2.00707e-13  0.00193529 5.90664e-07
   0.995404 9.73371e-13  0.00459386 2.52351e-06
   0.997363 3.35631e-13  0.00263638  1.0084e-06
   0.998214 1.66746e-13  0.00178588 5.12823e-07
   0.999791 1.20443e-14 0.000208923 9.44427e-09
2.50772e-13           1 3.30223e-16 2.27418e-14
   0.995871 7.88524e-13  0.00412701 2.12488e-06
   0.999229 4.34288e-14  0.00077065 1.11846e-07
0.000133151  2.0745e-20    0.999781  8.5399e-05
   0.998678 1.00307e-13  0.00132184  2.9988e-07
   0.992835 3.53971e-13  0.00715993 4.98236e-06
   0.996249 6.54188e-13  0.00374924 1.81754e-06
   0.998934 7.87762e-14   0.0010659 2.03025e-07
   0.998547 1.17236e-13  0.00145243 3.55153e-07
   0.999985 2.17508e-16  1.4849e-05 5.30734e-11
   0.999903 6.10904e-15 9.72145e-05 2.14241e-09
   0.999558 2.00484e-14 0.000441743 3.94557e-08
 2.3565e-11           1 1.87816e-13 1.14852e-13
2.29371e-13           1  2.8316e-16 2.17322e-14
   0.999345 4.09979e-14 0.000654873 8.26465e-08
3.35453e-12           1 1.65347e-14       7e-14
   0.996462 5.92978e-13  0.00353639 1.65101e-06
   0.998995 6.47658e-14  0.00100469 1.82242e-07
   0.999257 4.11313e-14 0.000742487 1.04388e-07
   0.997642 2.82237e-13  0.00235736 8.32396e-07
 0.00211752 4.93836e-18    0.997367 0.000515747
0.000250558 5.65243e-20    0.999611 0.000138941
 0.00425937 2.09868e-17    0.995046 0.000694648
 0.00889382 8.29806e-17    0.990222 0.000884524
    0.99687 4.62495e-13  0.00312847 1.34666e-06
    0.99649 5.75612e-13  0.00350855 1.62961e-06
     0.997 4.2698e-13 0.00299895 1.2544e-06
   0.999626 1.61087e-14 0.000373531 2.87118e-08
   0.995835 8.01952e-13   0.0041628 2.15474e-06
   0.996384 6.09504e-13  0.00361442 1.71147e-06
   0.999844  9.2056e-15  0.00015589 5.36468e-09
   0.999156 4.96628e-14 0.000843783 1.32251e-07
   0.997901 2.30469e-13  0.00209865 6.80526e-07
    0.99913 5.19777e-14 0.000869835 1.39875e-07
   0.997564 2.89936e-13  0.00243487 8.80063e-07
3.55155e-05 3.80619e-21    0.999937 2.79376e-05
   0.999537 2.13336e-14 0.000462935 4.31073e-08
   0.996231 6.68538e-13  0.00376688 1.83155e-06
   0.999738 1.49695e-14 0.000261979 1.45889e-08
   0.999423 2.87592e-14 0.000576936 6.52176e-08
   0.999995 1.99446e-17 5.49888e-06 7.38749e-12
3.39213e-15           1 8.68728e-20 2.40736e-15
   0.997326 3.44316e-13  0.00267298 1.03237e-06
   0.997147 3.88615e-13  0.00285234 1.15269e-06
   0.994394 6.84565e-13  0.00560207 3.44345e-06
 0.00408861 1.93483e-17    0.995227 0.000683918
   0.996609 5.38596e-13  0.00338901 1.53873e-06
2.45087e-15           1 3.57818e-21 9.28212e-16
   0.996118 7.07415e-13  0.00387993 1.92221e-06
   0.998846  8.8422e-14  0.00115374 2.34492e-07
   0.993872 6.54091e-13  0.00612372 3.94533e-06
   0.999775 1.29222e-14 0.000225036 1.08961e-08
   0.997893 2.31919e-13  0.00210631 6.84856e-07
   0.998058 1.92954e-13  0.00194119 5.93828e-07
   0.999921 5.14738e-15 7.91334e-05 1.43342e-09
   0.993152 3.41239e-13  0.00684288  4.6601e-06
 0.00185006 3.69017e-18    0.997667 0.000483109
   0.995551 9.20491e-13  0.00444656 2.39564e-06
    0.99998 3.46833e-16 1.95863e-05 9.18173e-11
 2.4013e-09 6.72013e-15 0.000102569    0.999897
0.000454147 1.75198e-19    0.999334 0.000211753
    0.99887 7.78523e-14  0.00112976 2.25713e-07
   0.996182 6.85449e-13  0.00381648 1.87117e-06
   0.994772 8.17777e-13  0.00522504 3.09099e-06
   0.996807 4.89009e-13  0.00319121 1.39213e-06
3.79138e-13           1 7.24324e-16 2.87383e-14
   0.996244 6.64373e-13  0.00375455 1.82175e-06
 0.00528808 3.19992e-17    0.993961 0.000751385
   0.996835 4.72469e-13  0.00316387 1.37226e-06
   0.998458 1.38097e-13  0.00154187 3.95175e-07
   0.999752 9.62293e-15  0.00024804 1.31365e-08
   0.999919 5.23145e-15 8.07057e-05 1.48963e-09
   0.995961 7.55426e-13  0.00403738 2.05066e-06
   0.996283 6.51191e-13  0.00371527 1.79063e-06
   0.997766 2.47684e-13  0.00223275 7.57828e-07
   0.999067 6.52601e-14 0.000932989 1.59118e-07
   0.999899 6.32257e-15 0.000101251 2.31929e-09
5.75666e-15           1 2.69306e-19 3.26901e-15
   0.999483 3.08555e-14 0.000516943 5.30701e-08
   0.999141 5.82373e-14 0.000858478 1.36529e-07
   0.998797 8.60755e-14  0.00120302 2.52965e-07
    0.99626 6.50412e-13  0.00373805 1.80865e-06
6.18043e-13           1 1.53251e-15 3.59419e-14
   0.997149 3.88045e-13   0.0028501 1.15116e-06
   0.998936 7.08217e-14  0.00106399 2.02364e-07
   0.999717   1.133e-14 0.000282941 1.69062e-08
  0.0139157 1.74477e-16    0.985094 0.000990151
   0.996281 6.51682e-13  0.00371675 1.79179e-06
  0.0138663 1.73503e-16    0.985144 0.000989361
   0.999538 2.71167e-14 0.000461694 4.28896e-08
   0.995103 9.45527e-13  0.00489386 2.78944e-06
   0.997653 2.79891e-13  0.00234623  8.2563e-07
0.000755505 5.15704e-19     0.99895  0.00029404
   0.999843 9.27911e-15 0.000157278 5.45754e-09
   0.993886 6.58761e-13  0.00610975 3.93169e-06
   0.996379 6.11119e-13  0.00361938 1.71534e-06
   0.999737 1.50445e-14 0.000263315 1.47318e-08
   0.998614 1.08436e-13  0.00138586 3.26502e-07
   0.996124 6.97152e-13  0.00387427 1.91764e-06
   0.999635 2.10035e-14 0.000365299 2.75213e-08
3.91676e-10 2.41769e-15 4.07686e-05    0.999959
   0.999944 1.54054e-15 5.59681e-05 7.27263e-10
          1 1.89914e-17 3.84116e-07 3.66633e-14
1.44571e-17           1 9.46697e-23 2.10791e-16
  0.0133146 1.62701e-16    0.985705 0.000980266
   0.996545 5.58225e-13  0.00345294 1.58712e-06
1.43137e-14           1 1.83984e-18 5.44431e-15
2.87571e-13           1 4.67182e-16 2.52143e-14
    0.99795 2.12438e-13  0.00204951 6.52987e-07
   0.992886 3.66706e-13  0.00710858 4.92989e-06
   0.996347 6.21577e-13  0.00365135 1.74033e-06
2.63384e-15           1 4.56557e-21 1.00239e-15
   0.999037 6.06757e-14  0.00096309 1.68662e-07
   0.996933 4.44975e-13  0.00306528 1.30137e-06
     0.9928 3.45496e-13  0.00719461 5.01783e-06
   0.998653 1.11676e-13  0.00134686 3.10172e-07
   0.994512 8.84576e-13  0.00548423  3.3323e-06
   0.999658 1.43848e-14 0.000341947 2.42708e-08
   0.998994 7.25162e-14   0.0010059 1.82643e-07
    0.99975 1.43146e-14 0.000250261 1.33632e-08
   0.994172 7.57839e-13  0.00582409 3.65516e-06
   0.996305 6.35264e-13  0.00369277 1.77287e-06
9.47037e-13           1 2.73561e-15 4.26387e-14
   0.992616 2.39487e-13  0.00737904 5.20728e-06
   0.999902 6.16308e-15 9.82356e-05 2.18652e-09
   0.994912 8.70575e-13  0.00508502 2.96253e-06
   0.999962 9.37625e-16 3.84814e-05 3.48219e-10
   0.997961 2.19132e-13  0.00203786 6.46522e-07
   0.999919 5.26698e-15 8.13707e-05 1.51371e-09
   0.999983 2.82702e-16 1.72909e-05 7.17473e-11
2.83476e-14           1 4.18005e-18 6.74798e-15
   0.127365 1.37592e-15    0.871419  0.00121611
0.000377359  1.2092e-19    0.999436 0.000186482
   0.997297 3.60121e-13  0.00270164 1.05129e-06
    0.99635 6.29013e-13   0.0036482 1.73786e-06
   0.992639 3.07345e-13  0.00735599 5.18354e-06
   0.999598 2.32745e-14 0.000402039 3.30125e-08
1.79162e-14           1  2.9202e-18 6.14937e-15
   0.997542 2.94772e-13  0.00245697 8.93827e-07
   0.999544 2.09094e-14 0.000455994 4.18952e-08
   0.992784 2.68363e-13  0.00721058 5.03419e-06
   0.999995 7.24822e-16 4.69775e-06 5.40115e-12
 8.4891e-05 1.12314e-20    0.999856 5.91525e-05
   0.994307 6.55613e-13  0.00568935 3.52633e-06
   0.996074 7.14816e-13  0.00392447 1.95829e-06
    0.99994 4.13797e-15 6.04479e-05 8.45857e-10
1.04503e-06 3.99651e-24    0.999998 1.00109e-06
   0.997965 2.18437e-13  0.00203408 6.44429e-07
4.14392e-06 1.97187e-22    0.999992 3.80705e-06
   0.998349 1.45516e-13  0.00165031 4.45962e-07
9.43853e-15           1 2.43979e-19 3.16084e-15
   0.998804 8.51935e-14  0.00119533 2.50047e-07
0.000392568 1.30705e-19    0.999416 0.000191669
   0.999674 1.35609e-14 0.000326434 2.22158e-08
   0.998364 1.51822e-13  0.00163528 4.38777e-07
   0.999659 1.95593e-14 0.000341334 2.41879e-08
   0.999089 6.31153e-14 0.000910671 1.52196e-07
   0.995478 9.42485e-13  0.00451941 2.45865e-06
   0.996563 5.61456e-13   0.0034355 1.57387e-06
6.02795e-15           1 6.56408e-20 2.19881e-15
   0.996647 5.27113e-13  0.00335103 1.51021e-06
   0.999838 5.72503e-15 0.000162036 5.78169e-09
1.07772e-14           1 3.53365e-19 3.49491e-15
   0.999759 9.30976e-15 0.000241471 1.24767e-08
   0.999479 2.50182e-14 0.000521174 5.38899e-08
0.000132685 2.06381e-20    0.999782 8.51601e-05
   0.999988 1.51572e-16  1.2212e-05 3.60244e-11
   0.998161 1.75396e-13  0.00183848 5.39744e-07
   0.994859  1.0235e-12   0.0051378 3.01079e-06
   0.992673 3.15223e-13  0.00732193 5.14848e-06
5.00512e-13           1  1.1133e-15  3.2677e-14
   0.998247  1.6143e-13  0.00175283 4.96184e-07
2.71499e-17           1 1.02402e-22 4.44364e-17
   0.999651 2.00117e-14 0.000348892 2.52178e-08
   0.995711 8.57429e-13  0.00428708 2.25934e-06
   0.997738 2.62287e-13  0.00226101 7.74511e-07
  0.0356503 6.29067e-16    0.963188  0.00116178
   0.137896 1.34526e-15    0.860895  0.00120937
   0.998829 8.23507e-14  0.00117029 2.40632e-07
6.89952e-16           1 1.37421e-22 1.69372e-16
   0.999271 4.00319e-14 0.000728759 1.00834e-07
   0.999669 1.37989e-14 0.000330944 2.28046e-08
   0.993667 4.65438e-13  0.00632895 4.14681e-06
   0.992874 3.63469e-13  0.00712155 4.94313e-06
   0.999013 7.05486e-14 0.000986509 1.76251e-07
   0.998992 7.27158e-14  0.00100786 1.83292e-07
7.05467e-15           1 4.15495e-19 3.67103e-15
   0.997461 3.12885e-13  0.00253806 9.44996e-07
   0.996935 4.44423e-13  0.00306326 1.29993e-06
   0.996922  4.4801e-13  0.00307632 1.30924e-06
0.000129579 1.99479e-20    0.999787 8.35632e-05
   0.999874 4.22613e-15 0.000126113 3.55592e-09
   0.998078 1.89537e-13   0.0019216 5.83358e-07
   0.999727 1.08522e-14 0.000273322 1.58231e-08
   0.266362 6.16118e-14    0.732558  0.00108041
   0.993293 3.72714e-13  0.00670198 4.51821e-06
   0.992393 2.53288e-13  0.00760116 5.43701e-06
   0.999132 5.90682e-14 0.000867515 1.39189e-07
   0.996616 5.36506e-13  0.00338213 1.53355e-06
  0.0245227 3.97245e-16    0.974374  0.00110351
0.000243961  5.3956e-20     0.99962  0.00013622
   0.999988 1.35833e-16 1.15463e-05 3.22345e-11
   0.998563 1.23525e-13  0.00143706 3.48453e-07
   0.995997 7.50379e-13  0.00400099 2.02075e-06
   0.998776 9.65324e-14  0.00122383 2.60943e-07
    0.99941 2.96809e-14  0.00059021  6.8056e-08
    0.99816 1.75583e-13   0.0018396 5.40322e-07
   0.999551   2.051e-14 0.000449411 4.07601e-08
   0.993038 3.17229e-13  0.00695677  4.7754e-06
9.67044e-15           1 2.61255e-19  3.2202e-15
   0.999571 2.50153e-14 0.000429446 3.74043e-08
   0.997633 2.75257e-13  0.00236656 8.38003e-07
   0.997487 3.07075e-13  0.00251233 9.28649e-07
   0.996711 5.16914e-13  0.00328751  1.4629e-06
   0.997838 2.42533e-13  0.00216157 7.16409e-07
   0.999074 6.46077e-14 0.000926239 1.57011e-07
    0.99339 5.03312e-13  0.00660512 4.42116e-06
   0.999709  1.1718e-14  0.00029067 1.78006e-08
   0.999861 4.76572e-15  0.00013926 4.31097e-09
   0.999969  7.0949e-16 3.14997e-05 2.34702e-10
2.02411e-13           1 2.27592e-16 2.03801e-14
   0.997543 2.94597e-13  0.00245618 8.93331e-07
   0.995857 7.93568e-13  0.00414049 2.13612e-06
7.47922e-14           1 3.48046e-17 1.19406e-14
2.45452e-11           1 1.95887e-13 1.15552e-13
   0.999785 1.23983e-14 0.000215439 1.00196e-08
   0.140758 1.33398e-15    0.858034  0.00120736
   0.993825 5.08718e-13  0.00617117 3.99172e-06
   0.995737 8.39462e-13  0.00426107 2.23734e-06
   0.995261 1.19626e-12  0.00473682 2.64934e-06
 0.00351803 1.42957e-17    0.995837 0.000644625
   0.993401 5.06253e-13  0.00659509 4.41113e-06
   0.996549 5.57145e-13  0.00344945 1.58447e-06
   0.999219 5.13085e-14 0.000780563 1.14524e-07
   0.997741 2.52908e-13  0.00225869 7.73138e-07
1.81557e-14           1 3.00056e-18 6.19353e-15
0.000112158 1.62927e-20    0.999813  7.4382e-05
 0.00348263 1.40042e-17    0.995875 0.000641992
8.00288e-14           1 3.98861e-17 1.23993e-14
   0.996035 7.36846e-13  0.00396327 1.98989e-06
   0.994274 6.44912e-13  0.00572216  3.5576e-06
0.000234129 5.02645e-20    0.999634 0.000132111
    0.99843  1.3362e-13  0.00156976 4.08003e-07
1.08736e-15           1 2.83529e-22 3.42473e-16
    0.99704 4.16377e-13  0.00295917 1.22651e-06
    0.99986 4.81275e-15 0.000140394 4.37933e-09
   0.992606  2.9976e-13  0.00738918 5.21773e-06
    0.99938 3.17808e-14 0.000619823 7.45815e-08
1.52646e-15           1 1.60858e-20   1.511e-15
    0.99685 4.77036e-13  0.00314897 1.36146e-06
7.58527e-18           1 9.88916e-23 7.91933e-17
   0.995253 1.19304e-12  0.00474403 2.65573e-06
2.69683e-17           1 5.54488e-23 2.53592e-17
   0.999847 5.35489e-15 0.000153335 5.19563e-09
   0.999099 6.21737e-14 0.000900754 1.49163e-07
   0.999358 3.34214e-14 0.000642384 7.97307e-08
   0.998527 1.28347e-13  0.00147244  3.6396e-07
   0.997818 2.37405e-13  0.00218083 7.27532e-07
    0.99877 9.72061e-14  0.00122951 2.63138e-07
7.07998e-05  8.9028e-21    0.999878 5.07954e-05
 5.5401e-15           1 2.48127e-19  3.1979e-15
6.56171e-12           1 3.93831e-14 8.60132e-14
   0.999598 1.77107e-14 0.000401895 3.29902e-08
    0.99672 5.05599e-13  0.00327866 1.45635e-06
4.21941e-09 9.33929e-15  0.00013684    0.999863
   0.999976 2.07382e-15 2.43467e-05  1.4116e-10
   0.997466 3.20667e-13  0.00253297 9.41758e-07
    0.99924 4.25467e-14 0.000759919 1.08977e-07
   0.999608 2.26277e-14  0.00039169 3.14196e-08
   0.997049 4.22821e-13  0.00295003 1.22014e-06
  0.0205757 3.12612e-16    0.978353  0.00107132
   0.998135 1.88496e-13  0.00186445 5.53228e-07
   0.996253 6.61353e-13  0.00374559 1.81464e-06
   0.995135 1.14092e-12  0.00486212 2.76098e-06
   0.999995 9.29538e-18 4.57143e-06 5.11608e-12
2.33368e-14           1  4.9899e-18 7.08388e-15
   0.994609 9.22373e-13  0.00538754 3.24176e-06
   0.995656 8.78628e-13  0.00434138  2.3055e-06
   0.997198 3.84387e-13  0.00280039 1.11736e-06
   0.999455 3.28231e-14 0.000544998  5.8611e-08
 0.00198219 4.28408e-18    0.997518 0.000499676
   0.999973 5.63102e-16 2.68488e-05 1.71243e-10
2.06128e-13           1 2.34995e-16 2.05724e-14
   0.999677 1.84599e-14 0.000322771 2.17428e-08
   0.994304 8.05782e-13  0.00569248 3.52931e-06
   0.997978 2.07298e-13  0.00202147 6.37467e-07
   0.992788 2.69051e-13  0.00720675 5.03027e-06
   0.997676 2.75123e-13  0.00232344 8.11844e-07
2.53016e-15           1 3.98483e-21 9.60494e-16
   0.998119 1.91243e-13   0.0018806 5.61679e-07
    0.99584 8.07989e-13  0.00415753 2.15033e-06
7.73283e-10 3.52723e-15 5.75842e-05    0.999942
   0.996598 5.50775e-13  0.00340062 1.54748e-06
   0.998788 9.50695e-14  0.00121142 2.56175e-07
    0.99313  3.3631e-13  0.00686577 4.68323e-06
   0.997412 3.24074e-13  0.00258689 9.76301e-07
 0.00136572 1.89979e-18    0.998221  0.00041326
   0.999722 1.10992e-14 0.000278308 1.63804e-08
8.88446e-14           1 4.90981e-17 1.31371e-14
   0.998278 1.65144e-13  0.00172168 4.80702e-07
   0.994567 7.43658e-13   0.0054302 3.28164e-06
3.87623e-12           1 1.99973e-14  7.3401e-14
   0.999751 9.65378e-15 0.000248684 1.32021e-08
   0.999192 4.65921e-14 0.000808329 1.22173e-07
 7.0165e-11   9.536e-16 1.70826e-05    0.999983
   0.999976 4.89748e-16 2.44491e-05 1.42335e-10
   0.992506 2.22219e-13  0.00748874 5.32053e-06
 0.00305951 1.07342e-17    0.996332 0.000608436
    0.99569 8.57407e-13  0.00430725 2.27646e-06
   0.994577 7.47283e-13  0.00541992 3.27201e-06
   0.997751 2.59782e-13  0.00224863 7.67188e-07
  0.0010621 1.09061e-18    0.998578 0.000359675
   0.999743 1.00356e-14 0.000256615 1.40216e-08
   0.993026  3.1466e-13  0.00696933 4.78815e-06
   0.995724 8.52083e-13  0.00427327 2.24765e-06
   0.999513 2.28088e-14 0.000486681 4.73726e-08
   0.997135  3.9163e-13  0.00286413 1.16076e-06
0.000121604 1.82328e-20    0.999799 7.94083e-05
    0.99971 1.65345e-14 0.000289585 1.76737e-08
   9.07e-13           1 2.56541e-15 4.18447e-14
   0.997752 2.59408e-13  0.00224678 7.66093e-07
   0.996173  6.8018e-13  0.00382539 1.87831e-06
   0.999865 8.09448e-15 0.000134856 4.05036e-09
   0.996966 4.44803e-13  0.00303229 1.27793e-06
   0.997976 2.16559e-13  0.00202382 6.38766e-07
   0.998536  1.2708e-13  0.00146322 3.59891e-07
   0.999733 1.52325e-14 0.000266656 1.50922e-08
   0.996041 7.26522e-13  0.00395736 1.98507e-06
1.74063e-14           1 1.26283e-18 4.91428e-15
   0.998444 1.31562e-13  0.00155546 4.01402e-07
   0.999637 2.08688e-14 0.000363084  2.7205e-08
    0.99945 2.69434e-14 0.000550261 5.96781e-08
   0.997939 2.14489e-13   0.0020606 6.59163e-07
   0.999796 7.56364e-15 0.000203804 9.00354e-09
   0.998123 1.81768e-13  0.00187636 5.59457e-07
   0.999986 1.44482e-15 1.44885e-05 5.05512e-11
   0.999999 1.89923e-17 1.14756e-06  3.2579e-13
   0.998075 1.90104e-13  0.00192487 5.85098e-07
8.63084e-06 6.15082e-22    0.999984 7.64413e-06
   0.997715 2.66986e-13  0.00228406 7.88217e-07
3.15689e-15           1 7.45175e-20 2.30857e-15
   0.999947 1.44885e-15 5.33756e-05  6.6261e-10
    0.99687 4.62503e-13   0.0031285 1.34668e-06
   0.999123 5.25862e-14 0.000876591 1.41883e-07
   0.992448 2.64933e-13  0.00754659 5.38042e-06
   0.993273  4.6962e-13  0.00672221 4.53853e-06
0.000231274 4.92243e-20    0.999638 0.000130905
   0.999406 2.99417e-14 0.000593934 6.88619e-08
   0.997387 3.29892e-13  0.00261192  9.9249e-07
   0.998333 1.47964e-13  0.00166645 4.53729e-07
   0.996988 4.39029e-13   0.0030109 1.26282e-06
   0.999999 3.84334e-16 1.21976e-06 3.67953e-13
 0.00262102 7.77245e-18     0.99681 0.000568909
   0.994014 7.02203e-13  0.00598205 3.80753e-06
   0.994779 8.20476e-13  0.00521777 3.08428e-06
0.000659201 3.83679e-19    0.999071 0.000270123
   0.994429 6.96369e-13  0.00556709 3.41037e-06
   0.996545 5.58434e-13  0.00345361 1.58763e-06
   0.998956 7.64865e-14  0.00104425 1.95564e-07
1.70594e-12           1 6.40382e-15 5.43758e-14
0.000280466 6.90798e-20    0.999569 0.000150934
   0.998618 1.07907e-13  0.00138177 3.24773e-07
   0.994633 7.67294e-13   0.0053636 3.21944e-06
   0.995725 8.51802e-13  0.00427255 2.24704e-06
   0.999215 5.16912e-14 0.000784992  1.1573e-07
    0.99316 4.38252e-13  0.00683507 4.65222e-06
 0.00106537 1.09806e-18    0.998574 0.000360306
   0.995413 9.76894e-13  0.00458424  2.5151e-06
   0.998098 1.94801e-13  0.00190133 5.72599e-07
    0.99262 3.03135e-13  0.00737436 5.20246e-06
   0.997334 3.42463e-13  0.00266521 1.02727e-06
   0.998329 1.57126e-13  0.00167015 4.55514e-07
   0.994936 8.79866e-13  0.00506086  2.9405e-06
   0.998994 7.25459e-14   0.0010062  1.8274e-07
   0.992799  2.7091e-13  0.00719647 5.01974e-06
   0.994204 7.69436e-13  0.00579189 3.62428e-06
   0.995717 8.55026e-13  0.00428088 2.25409e-06
    0.99335 4.91463e-13  0.00664584 4.46191e-06
   0.995725 8.44076e-13    0.004273 2.24742e-06
   0.999822 6.41798e-15 0.000178053 6.93771e-09
    0.99529 1.02142e-12  0.00470719 2.62312e-06
5.23932e-15           1 4.26997e-20 1.94697e-15
    0.99956 1.99282e-14 0.000439737 3.91176e-08
   0.999989 1.23699e-16 1.10203e-05 2.93873e-11
   0.998531 1.19409e-13  0.00146845 3.62198e-07
4.11676e-10 2.48566e-15 4.18114e-05    0.999958
   0.998522 1.20613e-13  0.00147728 3.66099e-07
   0.999876 4.13169e-15 0.000123785 3.42948e-09
 0.00511799 3.00497e-17    0.994139 0.000742825
   0.997525 3.07416e-13  0.00247379 9.04358e-07
 4.3637e-11 7.41058e-16  1.3443e-05    0.999987
1.53023e-13           1 1.37804e-16 1.76109e-14
 1.5817e-05 1.38987e-21    0.999971 1.34396e-05
   0.999938 1.77451e-15 6.24986e-05  9.0304e-10
   0.998769 9.73687e-14  0.00123088 2.63668e-07
   0.998698 9.78245e-14  0.00130177 2.91725e-07
   0.996921 4.48295e-13  0.00307735 1.30998e-06
   0.997661 2.78117e-13  0.00233777 8.20504e-07
   0.999783 1.24656e-14 0.000216675 1.01306e-08
   0.996971 4.43468e-13  0.00302736 1.27444e-06
   0.994559 9.02768e-13  0.00543745 3.28842e-06
   0.994165 6.10101e-13  0.00583113 3.66192e-06
   0.998666 1.01745e-13  0.00133336 3.04602e-07
   0.999676 1.85319e-14 0.000323993 2.19001e-08
   0.999883 3.85919e-15 0.000117022 3.07454e-09
   0.999873 7.68251e-15  0.00012704 3.60686e-09
   0.994317 6.58986e-13  0.00567906 3.51654e-06
   0.997197 3.84668e-13  0.00280151 1.11812e-06
   0.999143 5.08391e-14 0.000857091 1.36123e-07
    0.99828 1.64848e-13   0.0017198 4.79775e-07
2.58404e-13           1 3.93109e-16 2.39533e-14
   0.996332 6.34823e-13  0.00366589 1.75173e-06
 0.00910577 8.64499e-17    0.990004 0.000890344
9.29207e-08 1.14859e-29           1 9.17314e-08
   0.999942 1.62148e-15 5.82403e-05 7.86329e-10
   0.999677 1.33968e-14  0.00032331 2.18122e-08
   0.999867 4.52537e-15 0.000133435  3.9679e-09
   0.998112 1.83603e-13  0.00188714 5.65116e-07
5.42301e-15           1 4.75056e-20 2.00684e-15
1.92546e-17           1 2.86344e-23 1.82748e-17
   0.998307 1.51937e-13  0.00169235 4.66303e-07
   0.999999 3.50105e-17 7.18031e-07 1.27828e-13
   0.993778  6.2297e-13  0.00621813 4.03775e-06
   0.995758 8.31216e-13  0.00423967 2.21927e-06
   0.992895 3.68894e-13  0.00709984 4.92098e-06
    0.99941 2.96915e-14 0.000590361 6.80885e-08
   0.995296 1.02637e-12  0.00470148 2.61808e-06
1.07765e-13           1 7.14793e-17 1.45987e-14
  0.993471 5.2701e-13 0.00652509 4.3413e-06
   0.995854 8.02772e-13  0.00414361 2.13871e-06
6.50857e-05 8.00931e-21    0.999888 4.72965e-05
   0.998647 1.04186e-13  0.00135271 3.12601e-07
   0.996711 5.08131e-13  0.00328726 1.46272e-06
   0.998592 1.19549e-13  0.00140733 3.35636e-07
   0.996988 4.30254e-13  0.00301113 1.26298e-06
   0.996573 5.49709e-13  0.00342536 1.56618e-06
   0.997944 2.13598e-13  0.00205579 6.56483e-07
   0.999443 3.37058e-14 0.000557367 6.11321e-08
   0.999663 1.41385e-14  0.00033734 2.36517e-08
   0.992373 2.49038e-13  0.00762132 5.45794e-06
   0.991936 1.67161e-13  0.00805796 5.91441e-06
   0.995304 1.01555e-12   0.0046935 2.61103e-06
   0.997202 3.83515e-13  0.00279689   1.115e-06
   0.998938 7.83648e-14  0.00106203 2.01684e-07
    0.99644 5.91287e-13  0.00355792 1.66762e-06
3.03356e-15           1 6.84428e-20  2.2555e-15
   0.996717 5.15238e-13  0.00328181 1.45868e-06
   0.994745 8.07785e-13  0.00525208 3.11595e-06
   0.996162  6.8372e-13  0.00383564 1.88654e-06
   0.999061 5.83414e-14 0.000938733 1.60921e-07
   0.996748 5.06155e-13  0.00325073 1.43573e-06
   0.994789 8.23981e-13  0.00520834 3.07559e-06
   0.997649 2.71876e-13  0.00235055 8.28255e-07
1.91172e-14           1 1.60155e-18 5.23403e-15
   0.999878 4.04386e-15 0.000121613 3.31346e-09
   0.998366 1.37406e-12  0.00162739 6.80917e-06
4.85547e-05 5.57546e-21    0.999915 3.67606e-05
 0.00200674 4.39945e-18    0.997491 0.000502655
   0.995932 7.65974e-13  0.00406617 2.07442e-06
   0.999243 4.23009e-14 0.000756911 1.08179e-07
   0.995975 7.50271e-13  0.00402323 2.03902e-06
   0.995001 1.08305e-12  0.00499622 2.88179e-06
   0.996445 5.89817e-13  0.00355332 1.66407e-06
   0.998769 9.74084e-14  0.00123121 2.63798e-07
          1 3.99988e-22 4.49993e-12 5.06225e-24
2.70019e-13           1 3.74636e-16  2.3608e-14
   0.992068 1.87489e-13  0.00792583 5.77567e-06
3.24243e-15           1 9.15104e-21   1.241e-15
 0.00495957 2.82785e-17    0.994306 0.000734585
8.34919e-15           1 1.71974e-19 2.87277e-15
  0.0119859 1.37343e-16    0.987058 0.000956217
   0.999096 5.50531e-14 0.000903607 1.50033e-07
    0.99982 6.49846e-15 0.000179891 7.07672e-09
   0.995871 7.88335e-13  0.00412651 2.12446e-06
   0.997493 3.14583e-13  0.00250597 9.24626e-07
0.000364958 1.13287e-19    0.999453  0.00018218
   0.998218 1.65987e-13  0.00178119  5.1045e-07
    0.99724  3.7397e-13  0.00275843 1.08911e-06
   0.997156 3.95191e-13  0.00284325 1.14648e-06
   0.992342 1.98686e-13  0.00765265  5.4905e-06
   0.995644 8.83312e-13  0.00435328 2.31565e-06
   0.999742 1.47364e-14 0.000257819  1.4148e-08
   0.998807 8.49272e-14  0.00119301 2.49165e-07
     0.9995 2.96551e-14  0.00049949 4.97486e-08
   0.994235 7.80518e-13  0.00576134 3.59503e-06
   0.999251 4.85748e-14 0.000748461 1.05951e-07
   0.995209 1.17323e-12  0.00478862 2.69534e-06
   0.997903   2.301e-13   0.0020967 6.79422e-07
5.45546e-15           1 4.83894e-20 2.01733e-15
 0.00092108 7.96351e-19    0.998748 0.000331218
   0.998031 1.97814e-13  0.00196873 6.08667e-07
   0.994503 8.81079e-13  0.00549328 3.34081e-06
     0.9939 5.30262e-13  0.00609572 3.91801e-06
   0.994143 6.03061e-13   0.0058536 3.68352e-06
   0.996048 7.32142e-13  0.00395008 1.97913e-06
   0.998852 7.98604e-14    0.001148 2.32376e-07
2.09333e-11           1 1.62163e-13 1.12351e-13
   0.999453 2.67113e-14   0.0005468 5.89753e-08
0.000608566 3.23196e-19    0.999135 0.000256743
   0.993009 3.11302e-13  0.00698586 4.80494e-06
   0.997406 3.34487e-13  0.00259328 9.80428e-07
   0.992831 3.52982e-13  0.00716396 4.98647e-06
  2.451e-12           1 1.08726e-14 6.27968e-14
0.000719691 4.63971e-19    0.998995 0.000285365
   0.996948 4.40889e-13  0.00305034 1.29074e-06
   0.997281 3.64114e-13  0.00271813 1.06223e-06
1.85525e-14           1 3.13582e-18 6.26604e-15
   0.996122 6.97723e-13   0.0038759 1.91896e-06
   0.994156 6.07285e-13   0.0058401 3.67054e-06
   0.994686 9.53033e-13  0.00531049 3.17005e-06
   0.994512 8.84321e-13  0.00548489 3.33292e-06
6.79145e-13           1 1.76458e-15 3.74781e-14
2.62525e-14           1 6.31467e-18 7.53989e-15
   0.999362 3.30867e-14 0.000637821  7.8677e-08
   0.999958 1.06903e-15 4.23933e-05 4.21321e-10
6.61421e-07 2.46011e-13  0.00190708    0.998092
    0.99874 1.00794e-13  0.00125942 2.74823e-07
0.000214414 4.33275e-20    0.999662 0.000123666
   0.999385 3.14314e-14 0.000614953 7.34902e-08
   0.998201 1.68839e-13  0.00179873 5.19352e-07
   0.995349 9.96493e-13  0.00464877 2.57164e-06
  0.997832 2.4358e-13 0.00216695 7.1951e-07
   0.999781 1.25885e-14 0.000218928 1.03343e-08
   0.999886 3.72328e-15 0.000113623 2.90314e-09
   0.999907 2.93315e-15 9.34758e-05 1.98462e-09
   0.993522 5.42593e-13  0.00647345 4.28991e-06
   0.999055 6.63647e-14 0.000944341  1.6269e-07
   0.994728 9.69732e-13  0.00526903 3.13162e-06
   0.995544 9.15522e-13  0.00445333 2.40148e-06
   0.999285 3.89246e-14 0.000714759 9.72659e-08
   0.999229  5.0514e-14 0.000771317 1.12025e-07
   0.993511 4.25089e-13  0.00648464 4.30104e-06
   0.992145 2.02736e-13  0.00784883 5.69506e-06
   0.999521 2.23164e-14 0.000478822 4.59408e-08
   0.995786 8.28465e-13  0.00421169 2.19572e-06
   0.999449 2.69599e-14 0.000550507 5.97281e-08
   0.995334 1.00275e-12   0.0046635  2.5846e-06
          1 2.70518e-18  5.3982e-08 7.26863e-16
   0.997853 2.30666e-13  0.00214615  7.0755e-07
   0.999677 1.84803e-14 0.000323117 2.17873e-08
   0.999614 1.67826e-14 0.000385573  3.0495e-08
     0.9991 6.21039e-14 0.000900017 1.48939e-07
  0.0236789 3.79141e-16    0.975224  0.00109732
   0.999999 1.28693e-17 1.39777e-06  4.8282e-13
  0.995918 7.7122e-13 0.00408041 2.0862e-06
   0.997575 2.87647e-13  0.00242434  8.7353e-07
   0.995855 7.94642e-13  0.00414335  2.1385e-06
 0.00391983 1.77844e-17    0.995407 0.000672873
   0.995165 9.70365e-13  0.00483229 2.73429e-06
   0.999705 1.68237e-14 0.000294623 1.82663e-08
   0.997991 2.13758e-13  0.00200844 6.30307e-07
 0.00034246   1.002e-19    0.999483 0.000174203
    0.99992 2.43349e-15  8.0357e-05 1.47707e-09
   0.994406 6.88579e-13  0.00559014 3.43216e-06
2.12378e-14           1 2.08183e-18 5.61061e-15
9.97444e-11 1.15081e-15  2.0403e-05     0.99998
   0.999991 7.59965e-17 8.80193e-06 1.88123e-11
   0.997005 4.34371e-13  0.00299353 1.25059e-06
4.42701e-14           1 1.75085e-17 9.90519e-15
   0.999919 5.25839e-15   8.121e-05 1.50787e-09
   0.994601 7.55709e-13   0.0053961 3.24976e-06
   0.998086  1.9685e-13  0.00191317 5.78873e-07
   0.999877 4.09099e-15  0.00012278 3.37553e-09
2.16823e-14           1 2.19092e-18 5.68704e-15
   0.997627   2.764e-13  0.00237195 8.41293e-07
    0.99785 2.31272e-13  0.00214929  7.0935e-07
  0.0122231 1.41798e-16    0.986816 0.000960753
   0.996158 6.85338e-13  0.00384032 1.89029e-06
0.000165278 2.85881e-20    0.999733 0.000101274
    0.99884 8.90685e-14  0.00115945 2.36601e-07
1.23017e-14           1 1.34279e-18 5.01037e-15
   0.995788 8.19774e-13  0.00420979 2.19412e-06
   0.996006 7.46976e-13  0.00399154 2.01301e-06
   0.996972 4.34468e-13  0.00302673   1.274e-06
   0.999652 1.47251e-14 0.000348274 2.51328e-08
  0.995928  7.755e-13 0.00407002 2.0776e-06
 0.00265913 8.01229e-18    0.996768 0.000572568
   0.999569 1.94131e-14 0.000431086 3.76749e-08
   0.998088 1.96461e-13  0.00191093 5.77684e-07
   0.999874 7.63845e-15 0.000126203 3.56088e-09
   0.998556 1.16119e-13  0.00144412 3.51527e-07
 2.3087e-06 6.24757e-23    0.999996  2.1665e-06
   0.993007 3.97318e-13  0.00698859 4.80771e-06
 0.0452128  8.088e-16   0.953597 0.00119051
   0.995557 9.10194e-13  0.00444015 2.39012e-06
   0.999408 2.97812e-14 0.000591643 6.83657e-08
   0.995147 1.14597e-12  0.00485056 2.75062e-06
   0.997639 2.73827e-13   0.0023598 8.33882e-07
   0.997572 2.88282e-13  0.00242727 8.75344e-07
   0.997144 3.98227e-13  0.00285518 1.15463e-06
   0.998661 1.10685e-13  0.00133908 3.06958e-07
1.68377e-14           1 2.57159e-18 5.94663e-15
   0.999821 1.04376e-14  0.00017906 7.01369e-09
4.08678e-05 4.51653e-21    0.999928 3.16213e-05
   0.999955 1.15425e-15 4.48961e-05 4.71644e-10
   0.998695 1.06398e-13  0.00130504 2.93047e-07
 0.00144202 2.14119e-18    0.998133 0.000425377
   0.998232 1.72435e-13  0.00176737 5.03479e-07
    0.99855 1.16883e-13   0.0014498 3.54006e-07
 2.1916e-05 2.10099e-21     0.99996 1.81132e-05
   0.993814 6.34632e-13  0.00618248  4.0028e-06
   0.999971 2.33866e-15 2.87194e-05 1.95591e-10
   0.996787 4.94777e-13  0.00321136 1.40685e-06
 0.00187049 3.77907e-18    0.997644  0.00048573
2.98607e-14           1 4.72298e-18    6.97e-15
   0.996786  4.8637e-13  0.00321255 1.40771e-06
   0.997985 2.14893e-13  0.00201469 6.33738e-07
   0.996923 4.56766e-13  0.00307612  1.3091e-06
   0.996613 5.46319e-13  0.00338596 1.53643e-06
   0.999925 4.91972e-15 7.48863e-05 1.28681e-09
   0.993853 5.16758e-13  0.00614279 3.96396e-06
    0.99613 6.94948e-13  0.00386796 1.91255e-06
   0.997639 2.73968e-13  0.00236047  8.3429e-07
   0.999693 1.75268e-14 0.000306795 1.97353e-08
   0.999425 3.49624e-14 0.000574753 6.47561e-08
   0.996627 5.33211e-13  0.00337126 1.52537e-06
   0.001989 4.31596e-18    0.997511 0.000500504
   0.995886  7.8285e-13  0.00411179 2.11223e-06
1.42718e-07 8.54706e-14 0.000847694    0.999152
   0.999351 3.38863e-14 0.000648691 8.11973e-08
2.12319e-13           1 2.85009e-16 2.17799e-14
   0.997032 4.27151e-13  0.00296642 1.23158e-06
   0.993551  4.3531e-13  0.00644433 4.26099e-06
   0.997553 2.92387e-13   0.0024461 8.87046e-07
   0.995108 1.12892e-12  0.00488966 2.78568e-06
 0.00207826 4.74382e-18    0.997411 0.000511173
     0.9946 7.55652e-13  0.00539626  3.2499e-06
   0.997967 2.18037e-13   0.0020319 6.43224e-07
    0.99566 8.69495e-13  0.00433807 2.30267e-06
    0.99828 1.64793e-13  0.00171945 4.79603e-07
   0.997864 2.28603e-13  0.00213542 7.01409e-07
   0.993458 4.12002e-13  0.00653719 4.35335e-06
   0.993722 6.05024e-13  0.00627364  4.0923e-06
  0.0146537 1.89146e-16    0.984345  0.00100155
   0.994728 8.01609e-13  0.00526889  3.1315e-06
    0.99334 3.83475e-13  0.00665572 4.47181e-06
   0.993354 4.92574e-13    0.006642 4.45806e-06
   0.997065 4.18452e-13  0.00293341 1.20857e-06
   0.999993 3.74966e-17 6.69303e-06 1.09184e-11
   0.999957 3.17555e-15 4.31269e-05 4.35784e-10
7.53675e-12           1 4.63135e-14 8.90972e-14
   0.999982  2.9418e-16 1.77084e-05 7.52171e-11
    0.99937 3.25431e-14 0.000630367  7.6969e-08
   0.999781 8.24217e-15 0.000218657 1.03097e-08
1.62123e-13           1 1.53083e-16 1.81549e-14
   0.999809 1.10784e-14 0.000191024 7.94653e-09
   0.996584 5.55062e-13  0.00341467 1.55809e-06
6.62697e-05 8.19142e-21    0.999886 4.80271e-05
8.32072e-15           1 5.89883e-19 4.03006e-15
   0.998371 1.50813e-13  0.00162857 4.35584e-07
   0.995087 9.38865e-13  0.00491051 2.80442e-06
   0.999496 2.99846e-14 0.000504306 5.06555e-08
   0.999906 5.94826e-15 9.41792e-05 2.01386e-09
   0.997199 3.75366e-13   0.0027999 1.11704e-06
   0.999313  4.3522e-14 0.000686852 9.03227e-08
   0.999881 7.27695e-15 0.000119342 3.19421e-09
3.67193e-12           1 1.82536e-14 7.17571e-14
   0.999691  1.7671e-14 0.000309276 2.00411e-08
   0.998279 1.56271e-13   0.0017202 4.79972e-07
   0.999666 1.91476e-14 0.000334415 2.32625e-08
    0.99868 1.08269e-13  0.00131998  2.9912e-07
   0.998914  8.0925e-14  0.00108593 2.10031e-07
   0.993404 3.98826e-13  0.00659123 4.40728e-06
   0.995745 8.44182e-13  0.00425278 2.23033e-06
   0.999682 1.81918e-14 0.000318201 2.11594e-08
 0.00248615 6.95266e-18    0.996958 0.000555583
  0.998748  9.981e-14 0.00125127 2.7162e-07
   0.994117 7.38276e-13  0.00587896 3.70793e-06
   0.997794 2.42269e-13  0.00220555 7.41898e-07
2.70695e-14           1 6.71162e-18 7.66288e-15
   0.996973 4.34269e-13  0.00302599 1.27348e-06
    0.99234 2.42156e-13  0.00765424 5.49215e-06
2.08019e-15           1 2.04918e-21 7.74419e-16
   0.998805 8.51589e-14  0.00119503 2.49932e-07
   0.997879  2.2562e-13  0.00211981 6.92518e-07
   0.999108 6.13719e-14 0.000892252 1.46584e-07
   0.999888 6.87109e-15 0.000111642 2.80545e-09
   0.997375 3.41629e-13  0.00262392 1.00028e-06
   0.999995 7.43208e-16 4.91556e-06 5.91074e-12
   0.997275 3.56665e-13  0.00272417 1.06624e-06
   0.993723 6.05286e-13  0.00627282  4.0915e-06
   0.996883 4.58973e-13  0.00311587 1.33759e-06
   0.999972 2.31227e-15 2.82789e-05 1.89716e-10
   0.997704 2.60364e-13  0.00229523 7.94891e-07
 0.00925421 8.89055e-17    0.989851 0.000894326
   0.993287 3.71188e-13  0.00670862 4.52488e-06
4.59189e-06 2.34659e-22    0.999991 4.20016e-06
   0.997747 2.60428e-13  0.00225183 7.69078e-07
    0.99785 2.31291e-13  0.00214938 7.09405e-07
 0.00302931 1.05161e-17    0.996365 0.000605882
   0.999958 1.04713e-15 4.17462e-05 4.08759e-10
1.47173e-06 1.81917e-23    0.999997  1.3987e-06
   0.999998 4.85368e-16 2.11724e-06 1.10481e-12
   0.999957 3.15556e-15 4.27744e-05 4.28805e-10
          1 1.33518e-17 2.68568e-07 1.79411e-14
0.000124233 1.87909e-20    0.999795 8.07867e-05
   0.998677 1.00437e-13  0.00132289 3.00308e-07
0.000108267 1.55222e-20    0.999819 7.22766e-05
   0.999152 5.00562e-14 0.000848251 1.33545e-07
   0.999869 7.87188e-15 0.000130633 3.80771e-09
   0.996852 4.76312e-13   0.0031464  1.3596e-06
   0.994883 1.03351e-12  0.00511373 2.98876e-06
   0.997209  3.8181e-13  0.00279006 1.11039e-06
   0.999828 6.13435e-15  0.00017154 6.45555e-09
  0.001438 2.1281e-18   0.998137 0.00042475
   0.999971 2.37204e-15 2.92781e-05  2.0317e-10
1.40365e-14           1 1.76688e-18 5.38647e-15
   0.999172  4.8239e-14 0.000827476 1.27572e-07
7.46221e-05  9.5172e-21    0.999872 5.30992e-05
   0.999994 3.13768e-17 6.30417e-06 9.69381e-12
   0.997738 2.53387e-13  0.00226106  7.7454e-07
   0.999465 3.21239e-14 0.000535105  5.6629e-08
3.43717e-17           1 8.95968e-23 3.20679e-17
   0.993542 4.33015e-13  0.00645333 4.26993e-06
   0.992749 3.33239e-13  0.00724549 5.06998e-06
   0.992641  3.0784e-13  0.00735384 5.18132e-06
   0.993679  5.9136e-13  0.00631646 4.13448e-06
   0.999893 3.45219e-15 0.000106786 2.57272e-09
   0.994247  7.8478e-13  0.00574965 3.58385e-06
    0.99979 1.20844e-14 0.000209662 9.50873e-09
   0.998817 8.37474e-14  0.00118265 2.45259e-07
   0.999513 2.87912e-14 0.000486764 4.73877e-08
   0.999925 2.22249e-15 7.47149e-05 1.28105e-09
   0.998473 1.35976e-13    0.001527 3.88401e-07
   0.999939 4.16548e-15 6.09514e-05 8.59728e-10
   0.996976 4.33498e-13  0.00302315 1.27147e-06
   0.998965 7.55128e-14  0.00103494 1.92393e-07
6.80468e-14           1  3.9189e-17 1.23468e-14
   0.999858 8.46472e-15 0.000141875 4.46941e-09
   0.999998 5.21509e-16 2.47081e-06  1.5029e-12
   0.997723 2.56449e-13  0.00227612 7.83484e-07
   0.994351 6.69915e-13  0.00564596 3.48507e-06
   0.999116  6.0564e-14 0.000883629 1.43987e-07
   0.996239 6.65789e-13  0.00375875 1.82509e-06
   0.994043  7.1236e-13  0.00595277 3.77917e-06
   0.999446 2.72067e-14 0.000554174 6.04767e-08
   0.005157 3.04931e-17    0.994098 0.000744814
   0.998263 1.67487e-13  0.00173647 4.88033e-07
   0.996515 5.67614e-13  0.00348308  1.6101e-06
   0.033534 5.86483e-16    0.965313  0.00115329
    0.99592 7.78475e-13  0.00407812  2.0843e-06
1.74511e-14           1 2.76734e-18 6.06274e-15
   0.994288 7.99772e-13  0.00570877 3.54483e-06
   0.998627 1.06745e-13  0.00137275 3.20976e-07
   0.997478 3.09066e-13  0.00252117 9.34256e-07
0.000286106 7.16246e-20    0.999561 0.000153136
 0.00046919 1.87285e-19    0.999314 0.000216453
 0.00219324 5.32468e-18    0.997282 0.000524378
   0.997393 3.37377e-13  0.00260572 9.88472e-07
   0.996237 6.58246e-13  0.00376124 1.82707e-06
   0.999745 1.45728e-14 0.000254893 1.38417e-08
5.27222e-06 2.93913e-22     0.99999 4.79241e-06
1.40166e-10  1.3812e-15 2.42306e-05    0.999976
   0.995914 7.72633e-13  0.00408424 2.08937e-06
   0.999948  1.4083e-15 5.22226e-05 6.34795e-10
   0.997441 3.26308e-13  0.00255776 9.57582e-07
1.72831e-09 5.56233e-15 8.67214e-05    0.999913
   0.997247 3.63509e-13  0.00275212 1.08489e-06
   0.999418 2.91326e-14 0.000582334 6.63654e-08
   0.997389 3.29332e-13  0.00260952 9.90935e-07
 0.00112729 1.24405e-18    0.998501 0.000371993
   0.998486 1.25595e-13  0.00151329 3.82199e-07
   0.998978 6.64381e-14  0.00102133 1.87797e-07
   0.994676 9.48833e-13  0.00532097 3.17978e-06
   0.993357  3.8742e-13  0.00663898 4.45504e-06
   0.997525 3.07585e-13  0.00247455 9.04836e-07
   0.997641 2.82406e-13  0.00235816 8.32882e-07
   0.993897  6.6219e-13  0.00609952 3.92171e-06
   0.994444 8.58203e-13  0.00555289 3.39696e-06
   0.995727 8.43133e-13  0.00427056 2.24536e-06
4.19573e-15           1 2.12021e-20 1.59154e-15
   0.991993 1.72372e-13  0.00800131 5.85486e-06
   0.994718 9.65646e-13  0.00527914 3.14099e-06
0.000314318 8.51907e-20    0.999522 0.000163887
   0.999815 6.73015e-15 0.000185158 7.48224e-09
6.48322e-14           1  3.5846e-17 1.20463e-14
   0.997339 3.50239e-13  0.00266038  1.0241e-06
   0.323179 1.53022e-13     0.67581  0.00101013
   0.999109 6.12469e-14 0.000890922 1.46182e-07
   0.995894 7.88077e-13  0.00410413 2.10586e-06
   0.997308 3.48685e-13   0.0026912 1.04438e-06
 1.8107e-13           1 2.18666e-16 2.01488e-14
   0.992337 1.98085e-13   0.0076571 5.49513e-06
5.23468e-13           1 1.10557e-15 3.26044e-14
   0.999969  6.9597e-16 3.10766e-05 2.28526e-10
   0.994934 1.05472e-12  0.00506309 2.94254e-06
   0.995589 9.05192e-13  0.00440843 2.36285e-06
   0.997311 3.47878e-13  0.00268784 1.04217e-06
 8.5013e-14           1 5.87572e-17  1.3822e-14
   0.998422  1.3482e-13  0.00157806 4.11849e-07
   0.999947 1.44685e-15 5.33187e-05 6.61222e-10
   0.997462 3.21665e-13  0.00253737 9.44562e-07
 0.00298162 1.01757e-17    0.996417 0.000601801
   0.999997 7.87703e-19 3.30964e-06 2.69003e-12
    0.99776 2.48986e-13  0.00223924  7.6165e-07
   0.994133 7.43904e-13   0.0058631 3.69266e-06
6.61307e-12           1 3.92298e-14  8.5937e-14
   0.998674 1.00836e-13  0.00132609 3.01618e-07
   0.999783 1.24561e-14 0.000216501 1.01149e-08
   0.997225 3.77916e-13  0.00277439 1.09983e-06
   0.993625 5.74257e-13  0.00637075  4.1881e-06
   0.999159  4.9369e-14 0.000840437 1.31285e-07
   0.997154 3.86732e-13  0.00284494 1.14764e-06
2.68761e-10 1.96647e-15 3.36847e-05    0.999966
   0.999832 9.82306e-15 0.000167528 6.16678e-09
1.53566e-09 5.19804e-15 8.16504e-05    0.999918
   0.998139 1.79123e-13  0.00186073 5.51286e-07
   0.998327 1.48957e-13  0.00167296 4.56873e-07
 0.00939017 9.11737e-17    0.989712 0.000897906
   0.999963 2.82898e-15 3.70677e-05 3.23474e-10
    0.99836 1.43861e-13  0.00163932 4.40703e-07
   0.991959 1.54304e-13  0.00803546 5.89075e-06
   0.995619 8.85633e-13  0.00437885  2.3375e-06
4.67747e-12           1 2.50995e-14 7.75545e-14
   0.992552 2.29272e-13    0.007443 5.27326e-06
   0.999954  3.3215e-15 4.57111e-05 4.88627e-10
   0.994982 1.07494e-12  0.00501527 2.89906e-06
   0.999169 4.85622e-14 0.000831198 1.28634e-07
   0.996836 4.72135e-13  0.00316269  1.3714e-06
   0.997014 4.32057e-13  0.00298487 1.24451e-06
   0.999035 6.83822e-14 0.000964836 1.69223e-07
   0.994223 6.28376e-13  0.00577349 3.60665e-06
   0.997235 3.75335e-13  0.00276396 1.09282e-06
   0.993648 4.60343e-13  0.00634811 4.16573e-06
   0.999451 3.30969e-14 0.000548849 5.93909e-08
   0.998046 1.95184e-13  0.00195387 6.00643e-07
   0.996466  5.9181e-13  0.00353271 1.64817e-06
    0.99744 3.26684e-13   0.0025594 9.58636e-07
   0.994831 1.01186e-12  0.00516592 3.03658e-06
   0.994972 1.07072e-12  0.00502524 2.90811e-06
   0.999152  5.0002e-14 0.000847636 1.33367e-07
4.26599e-05 4.75937e-21    0.999925 3.28347e-05
    0.99895  7.7071e-14   0.0010498 1.97468e-07
5.23696e-12           1 2.90696e-14 8.02845e-14
   0.997553 2.92311e-13  0.00244575 8.86828e-07
   0.995746 8.43912e-13  0.00425207 2.22973e-06
7.68993e-13           1 2.12136e-15  3.9575e-14
   0.999437 2.78005e-14 0.000562941 6.22838e-08
    0.99992 5.18629e-15 7.98609e-05  1.4593e-09
3.01735e-12           1 1.43672e-14 6.75377e-14
   0.997968 2.18013e-13  0.00203177 6.43153e-07
1.93599e-05 1.79823e-21    0.999964  1.6178e-05
   0.998691 1.06889e-13  0.00130897  2.9464e-07
   0.996463 5.92564e-13  0.00353509 1.65001e-06
9.71853e-15           1 8.19051e-19 4.39657e-15
   0.999826 1.01868e-14 0.000174361 6.66238e-09
   0.994834 8.40951e-13    0.005163  3.0339e-06
3.93938e-14           1 8.89927e-18 8.24979e-15
   0.997747 2.60441e-13   0.0022519 7.69116e-07
   0.993877 5.23568e-13  0.00611896 3.94068e-06
   0.996717 5.15115e-13  0.00328139 1.45837e-06
   0.997534 2.96465e-13  0.00246466 8.98635e-07
   0.999757 1.38989e-14 0.000242773 1.26063e-08
   0.993391 3.95669e-13  0.00660435 4.42039e-06
   0.997227 3.77189e-13  0.00277146 1.09786e-06
   0.883253 1.75699e-12    0.116547 0.000200654
   0.999682 1.31144e-14 0.000317907 2.11221e-08
   0.992076 1.66311e-13  0.00791841  5.7679e-06
   0.996938 4.43661e-13  0.00306048 1.29796e-06
   0.997746 2.51847e-13  0.00225345 7.70033e-07
   0.996349 6.20751e-13  0.00364884 1.73836e-06
   0.999215 5.16438e-14 0.000784445  1.1558e-07
   0.998495 1.24322e-13  0.00150416 3.78091e-07
8.42794e-13           1 2.29866e-15 4.05173e-14
    0.99418 7.60731e-13  0.00581604 3.64743e-06
   0.997111 4.06483e-13  0.00288737 1.17672e-06
   0.996447 5.89327e-13  0.00355179 1.66289e-06
   0.999578 2.45649e-14 0.000422417  3.6254e-08
   0.997255 3.70388e-13  0.00274385 1.07936e-06
   0.997949 2.21402e-13  0.00205016 6.53352e-07
   0.999604 2.29132e-14  0.00039627 3.21201e-08
   0.998249 1.61125e-13  0.00175091 4.95229e-07
4.11484e-12           1 2.12188e-14 7.44738e-14
   0.994391 8.38248e-13  0.00560553 3.44673e-06
   0.998731 1.01873e-13  0.00126831 2.78335e-07
   0.999822 6.41376e-15 0.000177957 6.93044e-09
   0.998746 1.00089e-13  0.00125359 2.72529e-07
   0.993442 4.08047e-13  0.00655329  4.3694e-06
   0.999827 1.01342e-14 0.000173373 6.58963e-09
   0.997704 2.60429e-13  0.00229555 7.95082e-07
   0.994642  9.3549e-13  0.00535443 3.21089e-06
0.000683439 4.14786e-19     0.99904 0.000276323
5.78908e-14           1 2.90513e-17 1.13695e-14
   0.993108 3.31741e-13  0.00688721 4.70492e-06
    0.99661 5.47152e-13   0.0033887  1.5385e-06
   0.998255 1.60142e-13  0.00174474 4.92145e-07
   0.999136  5.1454e-14  0.00086399 1.38149e-07
   0.998036 2.05721e-13  0.00196369 6.05938e-07
2.34961e-08   5.032e-30           1 2.33443e-08
   0.996618 5.44673e-13  0.00338052 1.53234e-06
1.50213e-12 1.28619e-16 2.46987e-06    0.999998
   0.999738  1.0311e-14 0.000262289  1.4622e-08
   0.996775 4.98334e-13  0.00322372 1.41589e-06
   0.998333 1.56634e-13  0.00166694 4.53966e-07
   0.999941 4.08101e-15 5.94067e-05 8.17519e-10
   0.999912 2.72417e-15 8.80279e-05  1.7651e-09
   0.997562 2.99385e-13  0.00243724 8.81535e-07
   0.996498 5.73018e-13  0.00350031 1.62329e-06
   0.025149 4.10674e-16    0.973743  0.00110789
   0.996058 7.20425e-13  0.00394026 1.97114e-06
0.000333475  9.5243e-20    0.999496 0.000170951
   0.998645 1.04445e-13  0.00135475 3.13449e-07
   0.998953  7.6749e-14  0.00104674 1.96419e-07
2.97677e-13           1 4.41699e-16 2.47914e-14
   0.996622 5.34831e-13  0.00337661  1.5294e-06
   0.998898 7.48382e-14  0.00110195 2.15707e-07
  0.0140931  1.7798e-16    0.984914 0.000992963
    0.99683  4.7384e-13  0.00316871 1.37577e-06
1.55305e-05 1.35758e-21    0.999971 1.32151e-05
    0.99871  9.6323e-14   0.0012895 2.86785e-07
   0.996683 5.16414e-13  0.00331525  1.4835e-06
    0.99351  5.3882e-13  0.00648589 4.30227e-06
3.12313e-15           1 8.08107e-21 1.19519e-15
