 0.0554802   0.470921   0.470921 0.00267823
   0.991576   0.0042078  0.00420701 9.51212e-06
2.30944e-12         0.5         0.5 4.95157e-13
   0.984132  0.00792118  0.00792106 2.62267e-05
   0.991749   0.0041212   0.0041204 9.18718e-06
   0.982352  0.00880856  0.00880866 3.08026e-05
   0.990348  0.00482039  0.00481968 1.19142e-05
   0.999952 2.40954e-05  2.4095e-05 5.55428e-10
   0.997513  0.00124322  0.00124307 1.11354e-06
    0.99362  0.00318735  0.00318674 5.94255e-06
  0.994314 0.00284104 0.00284052 4.8728e-06
9.75264e-13         0.5         0.5 2.91956e-13
   0.999663 0.000168646 0.000168638 2.52719e-08
2.90422e-14         0.5         0.5 1.02541e-14
   0.992077  0.00395782  0.00395701 8.58464e-06
  0.981967 0.00900069 0.00900085 3.1814e-05
   0.997564  0.00121744  0.00121729 1.07162e-06
   0.998386 0.000806681   0.0008066 5.00588e-07
   0.997946  0.00102661  0.00102649 7.83118e-07
4.30825e-12         0.5         0.5 7.02271e-13
   0.996595  0.00170186  0.00170162 1.96902e-06
 0.0580239    0.46964    0.46964 0.00269663
   0.979791   0.0100852   0.0100857 3.76406e-05
   0.997166  0.00141628   0.0014161 1.41241e-06
    0.98141  0.00927805  0.00927828 3.32857e-05
   0.999657 0.000171578  0.00017157 2.61313e-08
   0.981885  0.00904163   0.0090418 3.20304e-05
   0.999553 0.000223422  0.00022341 4.35592e-08
5.00268e-12         0.5         0.5 7.61393e-13
   0.996442  0.00177795  0.00177769 2.12999e-06
   0.991273  0.00435897   0.0043582 1.00883e-05
    0.9936 0.00319754 0.00319693 5.9752e-06
 1.3785e-11         0.5         0.5 1.28537e-12
   0.997485   0.0012572  0.00125704 1.13655e-06
    0.98199   0.0089892  0.00898935 3.17533e-05
   0.991129  0.00443089  0.00443012 1.03664e-05
4.89393e-08 0.000235165 0.000235154     0.99953
   0.998283 0.000858064 0.000857975 5.61617e-07
1.53006e-12         0.5         0.5 3.87817e-13
   0.998991  0.00050428  0.00050424 2.06916e-07
   0.984099  0.00793758  0.00793746 2.63097e-05
0.000194743    0.499834    0.499834 0.000136599
   0.987132  0.00642491  0.00642446 1.89381e-05
   0.988362   0.0058114  0.00581084 1.61409e-05
   0.996875  0.00156175  0.00156153 1.68636e-06
          1 9.32471e-08 9.32472e-08  8.6714e-15
7.31292e-13         0.5         0.5  2.8492e-13
   0.997202  0.00139857  0.00139839 1.38045e-06
   0.992129  0.00393149  0.00393067 8.48881e-06
 0.0197619    0.48906    0.48906 0.00211823
    0.99575  0.00212392  0.00212359 2.92508e-06
    0.98487  0.00755292  0.00755271 2.43786e-05
    0.98356  0.00820639  0.00820633 2.76793e-05
   0.990573  0.00470794  0.00470721 1.14602e-05
  0.986449 0.00676533 0.00676495 2.0542e-05
0.000201982    0.499829    0.499829 0.000140825
   0.998777 0.000611352 0.000611298  2.9769e-07
   0.983153  0.00840917  0.00840917 2.87229e-05
   0.984646  0.00766462  0.00766444 2.49358e-05
   0.980804  0.00958019  0.00958051 3.49039e-05
   0.984962  0.00750722    0.007507 2.41515e-05
   0.995329  0.00233409   0.0023337 3.45593e-06
   0.99411 0.00294275 0.00294221 5.1788e-06
6.45061e-13         0.5         0.5  2.2071e-13
   0.999657 0.000171444 0.000171436 2.60918e-08
1.27055e-13         0.5         0.5 9.75359e-14
   0.984555  0.00770979  0.00770962 2.51619e-05
   0.999743 0.000128686 0.000128681 1.49386e-08
   0.999367 0.000316656 0.000316636 8.52189e-08
2.55963e-12         0.5         0.5 5.65633e-13
   0.999995 2.52448e-06 2.52447e-06 6.28266e-12
   0.982397  0.00878603  0.00878613 3.06845e-05
   0.999981 9.69988e-06 9.69978e-06  9.1485e-11
   0.999386 0.000306784 0.000306765 8.01967e-08
   0.999219 0.000390246 0.000390219 1.27089e-07
  0.995452 0.00227274 0.00227237 3.2974e-06
   0.985738  0.00712021   0.0071199 2.22501e-05
   0.988665  0.00565984  0.00565925 1.54699e-05
   0.983736  0.00811836  0.00811829 2.72291e-05
   0.997102  0.00144818  0.00144798 1.47073e-06
9.45343e-12         0.5         0.5 1.06299e-12
   0.999519  0.00024037 0.000240357 5.01594e-08
     0.9876  0.00619111  0.00619062 1.78573e-05
  0.989692 0.00514756 0.00514689 1.3266e-05
   0.983419  0.00827641  0.00827637 2.80387e-05
5.30475e-12         0.5         0.5 8.23012e-13
   0.993432  0.00328126  0.00328063 6.24588e-06
   0.983881  0.00804625  0.00804616 2.68615e-05
   0.991843   0.0040744  0.00407359 9.01315e-06
0.00346673   0.497753   0.497753 0.00102822
   0.999964 1.82177e-05 1.82174e-05 3.19351e-10
   0.999423 0.000288706 0.000288688 7.13697e-08
   0.982902  0.00853408  0.00853411 2.93699e-05
   0.994384   0.0028058   0.0028053 4.76841e-06
    0.99946 0.000269729 0.000269713  6.2625e-08
   0.978956   0.0105016   0.0105022 3.99249e-05
   0.989699  0.00514429  0.00514362 1.32523e-05
   0.996966  0.00151613  0.00151593 1.59827e-06
   0.991732  0.00412971  0.00412891 9.21894e-06
   0.993743  0.00312599   0.0031254 5.74735e-06
  0.996562 0.00171818 0.00171793 2.0031e-06
   0.980691   0.0096366  0.00963694 3.52076e-05
     0.9999 4.99302e-05  4.9929e-05 2.33867e-09
   0.994282  0.00285698  0.00285646 4.92029e-06
   0.985684  0.00714679  0.00714649 2.23794e-05
   0.997221  0.00138882  0.00138864 1.36298e-06
0.000122687    0.499893    0.499893   9.217e-05
  0.994224  0.0028857 0.00288517 5.0063e-06
   0.999866 6.70389e-05 6.70369e-05 4.17305e-09
3.33255e-10 1.85994e-05 1.85991e-05    0.999963
2.66196e-16         0.5         0.5  5.2333e-15
   0.998204 0.000897532 0.000897436 6.10587e-07
   0.995153  0.00242166  0.00242125 3.68723e-06
4.66278e-13         0.5         0.5 1.74504e-13
   0.994845   0.0025759  0.00257545 4.10859e-06
   0.998428 0.000785775 0.000785697 4.76651e-07
2.85675e-11         0.5         0.5 1.84849e-12
   0.989255   0.0053655  0.00536486 1.41911e-05
   0.988641  0.00567207  0.00567148 1.55237e-05
   0.995067  0.00246462   0.0024642 3.80282e-06
 0.0236603   0.487055   0.487055 0.00222967
   0.99158 0.00420543 0.00420465 9.5032e-06
   0.987561  0.00621098  0.00621049 1.79485e-05
   0.996546   0.0017263  0.00172605 2.02015e-06
   0.994388  0.00280406  0.00280355 4.76327e-06
    0.99919 0.000404863 0.000404834  1.3632e-07
1.23297e-05    0.499988    0.499988 1.12157e-05
   0.985439  0.00726919  0.00726892 2.29774e-05
1.84575e-13 4.30879e-07 4.30878e-07    0.999999
   0.981767  0.00910042   0.0091006 3.23416e-05
 0.0219202   0.487949   0.487948 0.00218285
3.09623e-11         0.5         0.5 1.91602e-12
   0.989022  0.00548221  0.00548159 1.46942e-05
    0.99363  0.00318231   0.0031817 5.92642e-06
  0.004023   0.497433   0.497433 0.00111158
   0.994491  0.00275262  0.00275213 4.61248e-06
   0.998911 0.000544464 0.000544419 2.39227e-07
   0.998158 0.000920732 0.000920633  6.4021e-07
1.89133e-14         0.5         0.5 5.28597e-15
2.92326e-11         0.5         0.5 1.86761e-12
1.55969e-11         0.5         0.5 7.38754e-12
   0.999072 0.000463858 0.000463822 1.76588e-07
   0.995162  0.00241735  0.00241695 3.67573e-06
   0.986403  0.00678831  0.00678793 2.06516e-05
   0.995407  0.00229516  0.00229478 3.35499e-06
3.02369e-12         0.5         0.5 6.17039e-13
   0.986053  0.00696268  0.00696234 2.14875e-05
0.000541145    0.499575    0.499575 0.000308209
4.04134e-16         0.5         0.5 3.91837e-16
0.000411314    0.499669    0.499669 0.000249894
   0.994258  0.00286888  0.00286836 4.95586e-06
   0.986794  0.00659312  0.00659271 1.97263e-05
5.98907e-12         0.5         0.5 8.74906e-13
   0.999322  0.00033921 0.000339188 9.72259e-08
  0.992248 0.00387212 0.00387132 8.2742e-06
 0.00194971    0.498655    0.498655 0.000739989
9.27412e-12         0.5         0.5 1.05262e-12
   0.990432  0.00477857  0.00477785 1.17447e-05
   0.999856 7.20326e-05 7.20304e-05 4.80474e-09
    0.98966  0.00516386  0.00516319 1.33346e-05
   0.985572  0.00720284  0.00720255 2.26528e-05
3.57379e-06  0.00220816  0.00220792     0.99558
7.42336e-06    0.499993    0.499993 6.89515e-06
   0.999915 4.25331e-05 4.25321e-05 1.70549e-09
2.55775e-13         0.5         0.5 1.08428e-13
   0.998715 0.000642387 0.000642329 3.26765e-07
   0.991343  0.00432415  0.00432338 9.95463e-06
    0.9951 0.00244824 0.00244782 3.7586e-06
   0.999997 1.46617e-06 1.46617e-06 2.12642e-12
   0.980717  0.00962397  0.00962431 3.51396e-05
   0.995888  0.00205495  0.00205463 2.75856e-06
   0.997537  0.00123115    0.001231 1.09383e-06
 0.0564781   0.470418   0.470418 0.00268563
   0.999685 0.000157567  0.00015756  2.2149e-08
1.88491e-05  0.00538124  0.00538047    0.989219
0.000521523    0.499589    0.499589  0.00029975
   0.995433  0.00228181  0.00228144 3.32065e-06
    0.99964 0.000180096 0.000180087 2.87052e-08
   0.988927  0.00552912  0.00552851 1.48979e-05
   0.985545  0.00721615  0.00721586 2.27178e-05
3.28162e-05     0.49997     0.49997 2.81744e-05
   0.997107  0.00144603  0.00144584 1.46678e-06
  0.465673   0.266097   0.266104 0.00212656
   0.998982 0.000509144 0.000509103 2.10713e-07
   0.998054  0.00097248 0.000972373 7.08489e-07
   0.995786  0.00210556  0.00210523 2.88038e-06
   0.994735  0.00263042  0.00262996 4.26169e-06
   0.991001  0.00449461  0.00449385 1.06148e-05
  0.992541 0.00372597 0.00372521  7.754e-06
   0.995302  0.00234758  0.00234719 3.49119e-06
   0.982488  0.00874075  0.00874084 3.04473e-05
   0.985531  0.00722316  0.00722287 2.27521e-05
   0.999945 2.73369e-05 2.73364e-05 7.12848e-10
   0.999664 0.000167805 0.000167798 2.50283e-08
   0.998594 0.000703022 0.000702956 3.87065e-07
   0.987288  0.00634705  0.00634658 1.85762e-05
   0.993411  0.00329189  0.00329125 6.28056e-06
  0.990647 0.00467142 0.00467068 1.1314e-05
 0.00197686    0.498638    0.498638 0.000746234
   0.999935 3.23959e-05 3.23952e-05 9.96898e-10
   0.996959  0.00151968  0.00151948 1.60506e-06
   0.987583  0.00619957  0.00619907 1.78961e-05
   0.999822 8.91904e-05 8.91874e-05 7.30213e-09
   0.999763 0.000118727 0.000118722 1.27683e-08
    0.98035  0.00980657  0.00980696 3.61259e-05
2.79543e-10    0.500002    0.499998 4.28952e-12
   0.999103  0.00044857 0.000448536 1.65694e-07
   0.999545 0.000227584 0.000227572 4.51395e-08
   0.993201  0.00339652  0.00339585 6.62555e-06
   0.996897  0.00155064  0.00155042 1.66472e-06
   0.999948 2.59158e-05 2.59153e-05 6.41462e-10
   0.999894 5.29285e-05 5.29271e-05 2.62297e-09
0.00528329   0.496722   0.496722 0.00127221
   0.996658  0.00167023     0.00167 1.90364e-06
   0.999975 1.24799e-05 1.24798e-05 1.50869e-10
   0.995562  0.00221748  0.00221712 3.15708e-06
    0.99224  0.00387636  0.00387555 8.28945e-06
    0.99881 0.000594752   0.0005947 2.82642e-07
    0.99794   0.0010298  0.00102968 7.87619e-07
  0.994789 0.00260364 0.00260318 4.1862e-06
   0.985535  0.00722144  0.00722116 2.27437e-05
    0.98861   0.0056877  0.00568712 1.55926e-05
   0.995921  0.00203805  0.00203773 2.71836e-06
   0.996082  0.00195811  0.00195781 2.53139e-06
   0.993006  0.00349363  0.00349293 6.95162e-06
  0.992876 0.00355893 0.00355821  7.174e-06
  0.984429 0.00777277 0.00777261 2.5478e-05
   0.999951 2.45491e-05 2.45487e-05 5.76302e-10
   0.985955  0.00701157  0.00701124 2.17235e-05
   0.999439 0.000280304 0.000280287 6.74317e-08
   0.998681 0.000659295 0.000659235 3.43118e-07
   0.990405  0.00479193  0.00479121 1.17987e-05
   0.999998 9.68664e-07 9.68663e-07 9.30063e-13
4.48412e-12         0.5         0.5 7.17705e-13
   0.985819  0.00707972  0.00707941 2.20534e-05
4.69387e-06  0.00255291  0.00255261     0.99489
   0.990977  0.00450669  0.00450594 1.06621e-05
   0.986539  0.00672029   0.0067199 2.03278e-05
6.16114e-11    0.500001    0.499999 2.54193e-12
   0.998265 0.000867204 0.000867114 5.72798e-07
2.52069e-13         0.5         0.5 1.07103e-13
1.71781e-09 4.26137e-05 4.26128e-05    0.999915
 1.609e-13        0.5        0.5 7.2016e-14
   0.993754  0.00312062  0.00312003 5.73038e-06
0.000593594    0.499538    0.499538 0.000330267
   0.979268    0.010346   0.0103466 3.90688e-05
1.35164e-13         0.5         0.5 6.10959e-14
  0.991625 0.00418298 0.00418219 9.4186e-06
   0.996614  0.00169235  0.00169211 1.94926e-06
   0.998454 0.000772722 0.000772646  4.6197e-07
   0.999865 6.75073e-05 6.75053e-05 4.23047e-09
    0.99379  0.00310266  0.00310207 5.67375e-06
   0.999995 2.30061e-06  2.3006e-06 5.22119e-12
0.000515706    0.499594    0.499594  0.00029722
    0.99605  0.00197374  0.00197343 2.56753e-06
   0.999229 0.000385421 0.000385394 1.24108e-07
0.000325655    0.499733    0.499733 0.000207933
   0.987678  0.00615227  0.00615177 1.76795e-05
   0.998787 0.000606221 0.000606167 2.93001e-07
   0.993561  0.00321683  0.00321621 6.03717e-06
   0.998855 0.000572419  0.00057237 2.62956e-07
2.26117e-14         0.5         0.5 7.06001e-15
6.87046e-13         0.5         0.5  2.3064e-13
1.19605e-12         0.5         0.5 3.75804e-13
  0.986414 0.00678294 0.00678256 2.0626e-05
   0.999815 9.23133e-05 9.23101e-05 7.81071e-09
   0.999813 9.34332e-05 9.34299e-05 7.99711e-09
   0.981273  0.00934659  0.00934684 3.36514e-05
   0.998754 0.000622859 0.000622804 3.08328e-07
   0.997672  0.00116341  0.00116327 9.85994e-07
   0.983457  0.00825773   0.0082577 2.79428e-05
   0.996272  0.00186317  0.00186289 2.31636e-06
9.78205e-11    0.500001    0.499999 3.06194e-12
   0.996125  0.00193637  0.00193607 2.48147e-06
   0.992385  0.00380395  0.00380317 8.03011e-06
 0.00202255     0.49861     0.49861 0.000756627
   0.999186 0.000406968 0.000406939 1.37675e-07
   0.992643  0.00367504  0.00367429 7.57548e-06
5.36021e-13         0.5         0.5 2.37834e-13
   0.999977 1.15874e-05 1.15873e-05 1.30213e-10
   0.994831  0.00258283  0.00258238 4.12793e-06
   0.982335  0.00881723  0.00881734 3.08481e-05
   0.990416   0.0047863  0.00478558 1.17759e-05
4.66393e-13         0.5         0.5  2.1902e-13
   0.996778  0.00161018  0.00160996 1.78202e-06
9.73385e-16         0.5         0.5 7.29668e-15
3.35141e-11         0.5         0.5 1.95761e-12
   0.99413 0.00293291 0.00293237 5.1489e-06
  0.996712 0.00164316 0.00164293 1.8484e-06
3.77203e-12 1.95424e-06 1.95423e-06    0.999996
   0.995821  0.00208828  0.00208795 2.83855e-06
   0.998574 0.000712907  0.00071284 3.97327e-07
   0.999512 0.000243833 0.000243819 5.15617e-08
3.64391e-10    0.500002    0.499998 4.59496e-12
2.25727e-08 0.000158121 0.000158115    0.999684
   0.983217  0.00837719  0.00837718 2.85578e-05
   0.999758 0.000121164 0.000121159 1.32842e-08
   0.999503 0.000248726 0.000248711 5.35745e-08
   0.993611  0.00319162  0.00319101 5.95623e-06
   0.996236  0.00188082  0.00188054 2.35577e-06
          1 1.59444e-07 1.59445e-07 2.53321e-14
   0.996179  0.00190939   0.0019091 2.42008e-06
   0.993819   0.0030882  0.00308762 5.62831e-06
  0.997795 0.00110192 0.00110179 8.9232e-07
 0.00129543    0.499067    0.499067 0.000571092
   0.988813  0.00558639  0.00558579 1.51477e-05
  0.0012159    0.499118    0.499118 0.000547634
    0.99404  0.00297753  0.00297698 5.28503e-06
   0.999861 6.95448e-05 6.95427e-05 4.48464e-09
   0.984587  0.00769397  0.00769379 2.50826e-05
   0.994546  0.00272475  0.00272426 4.53155e-06
   0.991564  0.00421381  0.00421302 9.53483e-06
   0.988806  0.00558974  0.00558914 1.51624e-05
   0.999035 0.000482339 0.000482301 1.90181e-07
   0.988639  0.00567295  0.00567236 1.55276e-05
   0.997879  0.00106017  0.00106005 8.31021e-07
   0.986789  0.00659596  0.00659555 1.97397e-05
   0.991975  0.00400859  0.00400779 8.77039e-06
3.47065e-13         0.5         0.5   1.833e-13
   0.982617  0.00867654  0.00867661 3.01117e-05
    0.98502  0.00747802  0.00747779 2.40067e-05
0.00177483   0.498763   0.498763 0.00069847
 0.00102631    0.499243    0.499243 0.000488389
   0.981682  0.00914276  0.00914296 3.25661e-05
   0.998581 0.000709529 0.000709461 3.93806e-07
    0.98471  0.00763284  0.00763265 2.47769e-05
   0.999632 0.000184215 0.000184206 2.99911e-08
0.000143196    0.499876    0.499876 0.000105295
   0.979783   0.0100892   0.0100897 3.76625e-05
   0.992464  0.00376433  0.00376355 7.88938e-06
0.0133796  0.492377  0.492376 0.0018674
   0.998928 0.000535782 0.000535738 2.32065e-07
   0.993226  0.00338392  0.00338326 6.58367e-06
   0.998978 0.000511164 0.000511123   2.123e-07
   0.989879  0.00505438   0.0050537 1.28764e-05
   0.999571 0.000214556 0.000214545 4.02821e-08
0.00563733   0.496525   0.496525 0.00131179
0.00873817   0.494836   0.494836 0.00158927
   0.994243   0.0028763  0.00287578 4.97811e-06
    0.99242  0.00378632  0.00378554 7.96739e-06
 5.9455e-11    0.500001    0.499999 2.52732e-12
 0.00247225    0.498338    0.498338 0.000851978
1.70921e-14         0.5         0.5 4.44012e-15
   0.999775 0.000112324  0.00011232 1.14595e-08
   0.998992 0.000503725 0.000503685 2.06485e-07
   0.997886  0.00105668  0.00105656 8.25987e-07
   0.999545 0.000227584 0.000227572 4.51395e-08
   0.993655  0.00316992  0.00316932 5.88688e-06
   0.983421  0.00827526  0.00827523 2.80328e-05
   0.998528 0.000735919 0.000735848 4.21682e-07
   0.988634  0.00567549  0.00567491 1.55388e-05
   0.999373  0.00031337  0.00031335 8.35315e-08
0.00622275   0.496202   0.496202 0.00137293
   0.990233  0.00487768  0.00487698 1.21476e-05
   0.987628  0.00617744  0.00617694 1.77947e-05
3.36214e-06    0.499997    0.499997 3.19841e-06
   0.999841 7.95462e-05 7.95437e-05 5.83631e-09
0.000620586    0.499519    0.499519 0.000341324
6.10008e-13         0.5         0.5  2.5655e-13
5.06891e-06    0.499995    0.499995  4.7682e-06
   0.999863 6.85669e-05 6.85648e-05 4.36175e-09
0.000747015    0.499431    0.499431 0.000390721
   0.991618  0.00418663  0.00418584 9.43235e-06
   0.999997 1.69065e-06 1.69064e-06 2.82511e-12
    0.99995 2.49885e-05 2.49881e-05 5.96877e-10
   0.983045  0.00846303  0.00846305 2.90015e-05
   0.999987 6.53115e-06  6.5311e-06  4.1686e-11
    0.99994 3.01864e-05 3.01858e-05 8.67111e-10
 5.2905e-12         0.5         0.5 8.21893e-13
   0.999126 0.000437152 0.000437119 1.57766e-07
  0.997714 0.00114259 0.00114245 9.5383e-07
   0.990462  0.00476332   0.0047626 1.16831e-05
1.85064e-13         0.5         0.5 1.23977e-13
   0.993284  0.00335533  0.00335468 6.48895e-06
    0.99911 0.000444927 0.000444894 1.63146e-07
   0.980159  0.00990202  0.00990244 3.66435e-05
   0.994783  0.00260667  0.00260622 4.19473e-06
   0.988697  0.00564407  0.00564348 1.54005e-05
   0.991691  0.00415017  0.00414937 9.29546e-06
7.51821e-11 8.78399e-06  8.7839e-06    0.999982
   0.992833  0.00358002   0.0035793 7.24638e-06
3.82149e-12         0.5         0.5 6.96379e-13
   0.993455  0.00326976  0.00326912 6.20843e-06
    0.99516  0.00241854  0.00241813 3.67889e-06
   0.997793   0.0011031  0.00110297 8.94075e-07
1.74629e-11 4.21687e-06 4.21684e-06    0.999992
   0.990884  0.00455274  0.00455199 1.08431e-05
0.000417633    0.499665    0.499665  0.00025287
   0.995422  0.00228747  0.00228709 3.33519e-06
3.3162e-05 0.00730651 0.00730537   0.985355
 0.136243  0.430435  0.430436 0.0028857
1.07313e-10 1.05069e-05 1.05068e-05    0.999979
   0.994115  0.00294012  0.00293958 5.17082e-06
   0.999619 0.000190282 0.000190273 3.19338e-08
   0.993146  0.00342412  0.00342344 6.71765e-06
   0.987539  0.00622183  0.00622134 1.79983e-05
 0.0264989   0.485602   0.485602 0.00229766
   0.98407 0.00795205 0.00795194 2.6383e-05
3.47028e-13         0.5         0.5 1.39072e-13
   0.998614 0.000692718 0.000692654 3.76496e-07
   0.998638 0.000680997 0.000680933 3.64632e-07
    0.99641  0.00179411  0.00179384 2.16484e-06
   0.995459  0.00226912  0.00226874 3.28812e-06
   0.995097  0.00244996  0.00244955 3.76324e-06
   0.998595 0.000702396  0.00070233 3.86419e-07
   0.997921  0.00103912    0.001039 8.00835e-07
8.45618e-13         0.5         0.5 3.09544e-13
   0.997889  0.00105534  0.00105522 8.24056e-07
  0.0011337    0.499172    0.499172 0.000522551
8.46429e-05    0.499924    0.499924  6.6577e-05
   0.986497  0.00674132  0.00674093 2.04278e-05
   0.987414  0.00628405  0.00628358 1.82849e-05
   0.998391 0.000804304 0.000804223  4.9784e-07
   0.999806 9.67603e-05 9.67569e-05 8.56341e-09
     0.9965  0.00174887  0.00174862 2.06787e-06
   0.985338  0.00731948  0.00731921 2.32243e-05
 7.9188e-08 0.000301272 0.000301256    0.999397
  0.986932 0.00652458 0.00652415 1.9404e-05
   0.989149  0.00541865  0.00541802 1.44196e-05
   0.999542 0.000228744 0.000228731 4.55844e-08
   0.985395  0.00729124  0.00729097 2.30856e-05
   0.983013  0.00847912  0.00847914 2.90849e-05
   0.999537 0.000231678 0.000231665 4.67196e-08
          1 8.30021e-08 8.30022e-08 6.87171e-15
   0.993938  0.00302841  0.00302785 5.44188e-06
0.00569745   0.496492   0.496492 0.00131831
   0.999299 0.000350511 0.000350487 1.03518e-07
   0.997868  0.00106554  0.00106542 8.38802e-07
   0.989701  0.00514317   0.0051425 1.32476e-05
   0.986058  0.00696048  0.00696014 2.14769e-05
4.67911e-11    0.500001    0.499999 2.29004e-12
3.32413e-08 0.000192806 0.000192798    0.999614
   0.997983  0.00100814  0.00100803 7.57293e-07
   0.999918 4.11252e-05 4.11243e-05 1.59603e-09
    0.98708   0.0064505  0.00645006 1.90574e-05
   0.999987 6.50235e-06  6.5023e-06 4.13213e-11
   0.997217  0.00139113  0.00139095 1.36712e-06
   0.998788 0.000605924 0.000605871 2.92731e-07
   0.999995 2.53655e-06 2.53654e-06 6.34264e-12
   0.980351  0.00980619  0.00980659 3.61238e-05
   0.998213 0.000893033 0.000892939 6.04915e-07
   0.981076  0.00944452  0.00944481 3.41754e-05
   0.999146 0.000426954 0.000426922 1.50837e-07
   0.999208 0.000396105 0.000396077 1.30754e-07
   0.995269  0.00236398  0.00236359 3.53424e-06
   0.980331  0.00981641  0.00981681 3.61792e-05
   0.991216  0.00438745  0.00438668 1.01981e-05
   0.989535  0.00522614  0.00522548 1.35974e-05
   0.996839  0.00157965  0.00157943 1.72145e-06
   0.986084   0.0069476  0.00694726 2.14149e-05
2.13245e-10    0.500002    0.499998 3.97026e-12
   0.999517 0.000241711 0.000241698 5.07004e-08
    0.98999  0.00499907  0.00499838 1.26469e-05
   0.999677 0.000161368 0.000161361 2.31983e-08
   0.991051  0.00446978  0.00446902 1.05178e-05
   0.996988  0.00150529  0.00150509 1.57763e-06
 0.00181491    0.498738    0.498738 0.000708191
   0.995883  0.00205715  0.00205683 2.76382e-06
4.33035e-05     0.49996     0.49996  3.6376e-05
   0.999541 0.000229451 0.000229438 4.58566e-08
  0.995818 0.00208955 0.00208922 2.8416e-06
   0.998816 0.000592026 0.000591975 2.80205e-07
2.98971e-10    0.500002    0.499998 4.36785e-12
   0.999975 1.24799e-05 1.24798e-05 1.50869e-10
   0.981922  0.00902272  0.00902289 3.19304e-05
   0.999686 0.000157052 0.000157045 2.20086e-08
   0.989941  0.00502326  0.00502257 1.27471e-05
6.51543e-13         0.5         0.5 2.22263e-13
   0.991022  0.00448421  0.00448346 1.05741e-05
   0.997981  0.00100902  0.00100891 7.58517e-07
   0.995055  0.00247087  0.00247045 3.81976e-06
    0.99831 0.000844537  0.00084445 5.45251e-07
 0.00218153    0.498513    0.498513 0.000791722
2.95727e-10    0.500002    0.499998 6.03479e-12
5.8969e-06  0.0028833 0.00288296   0.994228
   0.999877 6.13386e-05 6.13368e-05 3.50491e-09
   0.999666 0.000167055 0.000167048 2.48116e-08
   0.997334  0.00133268  0.00133251 1.26428e-06
1.00963e-14         0.5         0.5 1.50651e-15
   0.992895  0.00354941   0.0035487 7.14145e-06
   0.993122  0.00343572  0.00343504 6.75652e-06
   0.991125   0.0044328  0.00443204 1.03738e-05
   0.993498  0.00324828  0.00324765 6.13872e-06
   0.996643   0.0016779  0.00167766 1.91941e-06
   0.995357  0.00231996  0.00231958 3.41916e-06
2.15926e-11         0.5         0.5 1.59792e-12
   0.999264 0.000367709 0.000367683 1.13445e-07
0.00874774   0.494831   0.494831 0.00158998
   0.999292 0.000353767 0.000353743 1.05365e-07
   0.999668 0.000165823 0.000165815 2.44577e-08
   0.993332  0.00333101  0.00333036 6.40877e-06
3.58799e-11         0.5         0.5 2.04427e-12
   0.996835  0.00158164  0.00158142 1.72538e-06
    0.98465  0.00766265  0.00766247 2.49259e-05
   0.988657  0.00566415  0.00566356 1.54888e-05
   0.994707  0.00264475  0.00264428 4.30227e-06
   0.990605  0.00469231  0.00469158 1.13976e-05
    0.99067  0.00465996  0.00465923 1.12683e-05
    0.98274  0.00861531  0.00861536 2.97924e-05
   0.984975  0.00750059  0.00750037 2.41187e-05
   0.995947  0.00202547  0.00202516 2.68859e-06
   0.996379  0.00180958  0.00180931 2.19843e-06
0.00466803   0.497067   0.497067 0.00119804
1.58727e-11         0.5         0.5 1.40941e-12
   0.992725  0.00363421  0.00363348 7.43344e-06
   0.999021 0.000489657 0.000489619 1.95691e-07
   0.981773  0.00909721   0.0090974 3.23246e-05
   0.999903 4.85372e-05  4.8536e-05   2.212e-09
  0.994378 0.00280875 0.00280824 4.7771e-06
   0.998087 0.000956142 0.000956038 6.86606e-07
   0.983921  0.00802609  0.00802599 2.67589e-05
   0.989166  0.00541036  0.00540973 1.43839e-05
 0.0100168   0.494153   0.494152 0.00167812
   0.989266  0.00536008  0.00535945 1.41679e-05
0.000513828    0.499595    0.499595   0.0002964
1.23615e-13         0.5         0.5 9.58318e-14
1.64819e-05    0.499984    0.499984 1.47778e-05
3.85095e-12         0.5         0.5  6.9913e-13
   0.985988  0.00699534  0.00699501 2.16451e-05
   0.986179  0.00690006  0.00689971 2.11863e-05
2.97909e-11         0.5         0.5 7.21993e-12
   0.999889  5.5284e-05 5.52825e-05 2.85745e-09
0.00427469   0.497289   0.497289 0.00114649
0.000185669    0.499842    0.499842 0.000131245
   0.995032  0.00248241  0.00248198 3.85109e-06
  0.988836 0.00557457 0.00557396 1.5096e-05
   0.996177  0.00191022  0.00190993 2.42196e-06
0.00502576   0.496866   0.496866 0.00124205
   0.990437  0.00477606  0.00477534 1.17346e-05
 8.0391e-12         0.5         0.5 1.01329e-12
    0.99844 0.000779929 0.000779851  4.7005e-07
   0.999137 0.000431518 0.000431486 1.53921e-07
1.42101e-08 0.000124802 0.000124798     0.99975
   0.993934  0.00303071  0.00303015 5.44901e-06
    0.99704  0.00147926  0.00147907 1.52853e-06
   0.999541 0.000229299 0.000229287 4.57982e-08
 2.7749e-12         0.5         0.5 5.90049e-13
    0.99888 0.000559891 0.000559843 2.52196e-07
   0.996948  0.00152531   0.0015251 1.61583e-06
   0.998605 0.000697161 0.000697096 3.81037e-07
1.76715e-12         0.5         0.5 4.23055e-13
   0.998782 0.000608673 0.000608619 2.95237e-07
   0.997277   0.0013611  0.00136093 1.31386e-06
0.00859445   0.494914   0.494913 0.00157853
   0.998636  0.00068208 0.000682017 3.65722e-07
    0.99203  0.00398111   0.0039803 8.66966e-06
2.81142e-09         0.5         0.5 7.37709e-12
0.00438958   0.497224   0.497224 0.00116192
    0.99089  0.00454988  0.00454914 1.08318e-05
   0.990191  0.00489874  0.00489804 1.22337e-05
   0.998008  0.00099583 0.000995719 7.40284e-07
   0.992595  0.00369926   0.0036985 7.66018e-06
   0.998392 0.000803648 0.000803568 4.97083e-07
   0.992481  0.00375572  0.00375495 7.85893e-06
    0.99406  0.00296779  0.00296724 5.25521e-06
    0.99955 0.000224973 0.000224961 4.41449e-08
   0.995722  0.00213787  0.00213753 2.95922e-06
   0.999987 6.36879e-06 6.36874e-06 3.96506e-11
   0.978575   0.0106918   0.0106925 4.09761e-05
   0.990132  0.00492826  0.00492756 1.23548e-05
   0.999407 0.000296479 0.000296461 7.51059e-08
   0.996057  0.00197061  0.00197031 2.56028e-06
8.52017e-11    0.500001    0.499999 2.90867e-12
5.78417e-13         0.5         0.5 2.04286e-13
 0.0269859   0.485353   0.485353 0.00230841
    0.99941 0.000295075 0.000295056 7.44243e-08
   0.980213   0.0098751  0.00987552 3.64974e-05
   0.998758 0.000620836 0.000620781 3.06446e-07
0.000450102    0.499641    0.499641 0.000267923
0.00117958   0.499142   0.499142 0.00053666
   0.986764  0.00660829  0.00660788 1.97978e-05
   0.998811 0.000594383 0.000594332 2.82312e-07
   0.999168 0.000416076 0.000416046 1.43605e-07
   0.990484  0.00475276  0.00475204 1.16405e-05
0.000211498    0.499821    0.499821 0.000146324
1.59952e-12         0.5         0.5 4.40438e-13
   0.995594  0.00220186   0.0022015 3.11787e-06
6.48365e-11    0.500001    0.499999 2.61656e-12
   0.994226  0.00288471  0.00288419 5.00335e-06
2.35106e-12         0.5         0.5 5.40911e-13
   0.994828  0.00258424  0.00258379 4.13187e-06
   0.993539  0.00322767  0.00322705 6.07213e-06
   0.998104 0.000947488 0.000947385 6.75135e-07
 7.1286e-10    0.499996    0.500004 9.58953e-12
3.20146e-13         0.5         0.5 1.74478e-13
8.74514e-13         0.5         0.5 2.71713e-13
   0.997698  0.00115083  0.00115069 9.66508e-07
4.22556e-14         0.5         0.5 1.69755e-14
   0.995391  0.00230317  0.00230279 3.37567e-06
   0.978729    0.010615   0.0106157 4.05512e-05
   0.999466  0.00026687 0.000266854 6.13539e-08
5.94033e-13         0.5         0.5 2.52609e-13
   0.999364 0.000317754 0.000317734 8.57865e-08
   0.995728  0.00213449  0.00213415 2.95093e-06
   0.999706  0.00014707 0.000147064 1.93718e-08
1.29147e-13         0.5         0.5 9.85631e-14
2.72908e-06   0.0019137   0.0019135     0.99617
   0.999807 9.62769e-05 9.62735e-05 8.47997e-09
   0.999406 0.000297154 0.000297136 7.54346e-08
0.000393629    0.499682    0.499682 0.000241484
   0.990853  0.00456849  0.00456774 1.09052e-05
   0.999762  0.00011884 0.000118836 1.27921e-08
   0.995507  0.00224492  0.00224456 3.22647e-06
1.87296e-11         0.5         0.5 1.52357e-12
   0.981552  0.00920756  0.00920778 3.29104e-05
0.00550864   0.496597   0.496597 0.00129765
   0.994143  0.00292613  0.00292559 5.12833e-06
   0.995949  0.00202411   0.0020238 2.68538e-06
   0.999728 0.000136167 0.000136161 1.66761e-08
   0.991635  0.00417835  0.00417756 9.40121e-06
  0.989822 0.00508308  0.0050824 1.2996e-05
   0.992304  0.00384441  0.00384362 8.17467e-06
   0.987318  0.00633205  0.00633158 1.85067e-05
   0.999869 6.53244e-05 6.53225e-05 3.96615e-09
   0.979998  0.00998246   0.0099829 3.70807e-05
1.21617e-11         0.5         0.5 1.20758e-12
   0.982413  0.00877823  0.00877833 3.06436e-05
   0.985536  0.00722055  0.00722026 2.27393e-05
   0.995377  0.00231023  0.00230985 3.39392e-06
0.000347634    0.499717    0.499717 0.000219006
   0.997286   0.0013564  0.00135623 1.30561e-06
   0.999245 0.000377453 0.000377427 1.19256e-07
   0.996216  0.00189085  0.00189057 2.37827e-06
3.34304e-12         0.5         0.5 6.10765e-13
   0.994047  0.00297414  0.00297359 5.27464e-06
   0.997652  0.00117335   0.0011732 1.00152e-06
    0.98292  0.00852519  0.00852522 2.93238e-05
 7.7121e-14         0.5         0.5 7.06994e-14
   0.982285  0.00884174  0.00884185 3.09768e-05
   0.995171  0.00241305  0.00241265 3.66425e-06
   0.991619  0.00418599   0.0041852 9.42992e-06
1.86866e-09 4.44706e-05 4.44696e-05    0.999911
   0.997379  0.00130973  0.00130956 1.22484e-06
   0.999343  0.00032847 0.000328448 9.14161e-08
   0.991872  0.00406015  0.00405934 8.96039e-06
0.0019355  0.498664  0.498664 0.0007367
 1.6219e-09    0.499994    0.500006 1.05166e-11
3.78672e-12         0.5         0.5 6.93118e-13
   0.997643  0.00117796  0.00117781 1.00875e-06
    0.99394  0.00302776  0.00302719 5.43984e-06
 5.5863e-10    0.500003    0.499997 5.28276e-12
   0.985997  0.00699062  0.00699029 2.16223e-05
4.83191e-13         0.5         0.5 2.23678e-13
    0.99251  0.00374156  0.00374079 7.80891e-06
6.09836e-06    0.499994    0.499994 5.70316e-06
   0.995097  0.00244975  0.00244933 3.76266e-06
   0.999247   0.0003764 0.000376373 1.18621e-07
   0.994986  0.00250518  0.00250475 3.91322e-06
   0.997878  0.00106053  0.00106041 8.31539e-07
   0.999313 0.000343438 0.000343415 9.95584e-08
3.24103e-10    0.500002    0.499998 4.45199e-12
   0.994507  0.00274445  0.00274396 4.58871e-06
   0.990257  0.00486564  0.00486493 1.20984e-05
   0.982911  0.00852995  0.00852998 2.93485e-05
5.20916e-11    0.500001    0.499999 2.39458e-12
 1.4823e-17         0.5         0.5 1.47343e-17
   0.987214  0.00638379  0.00638333 1.87467e-05
 0.0128172   0.492672   0.492672 0.00183935
2.71764e-10    0.500002    0.499998 4.25647e-12
 2.0221e-10    0.500002    0.499998 3.89474e-12
   0.996698  0.00164999  0.00164976 1.86228e-06
   0.999801  9.9614e-05 9.96104e-05 9.06401e-09
   0.985974  0.00700241  0.00700208 2.16792e-05
   0.989444  0.00527138  0.00527073 1.37893e-05
    0.99942 0.000290153 0.000290136 7.20587e-08
   0.994689  0.00265354  0.00265308 4.32725e-06
  0.990574 0.00470763  0.0047069 1.1459e-05
     0.9889  0.00554307  0.00554246 1.49586e-05
   0.989847  0.00507027  0.00506959 1.29426e-05
   0.984517  0.00772871  0.00772855 2.52568e-05
0.000500029    0.499605    0.499605 0.000290347
1.07987e-11         0.5         0.5 1.13743e-12
   0.994243  0.00287641  0.00287589 4.97844e-06
   0.999907 4.63222e-05  4.6321e-05 2.01766e-09
   0.999017 0.000491579  0.00049154  1.9715e-07
   0.999176 0.000411769 0.000411739 1.40786e-07
   0.998292 0.000853547 0.000853459 5.56128e-07
   0.999461 0.000269675 0.000269659 6.26008e-08
   0.983915  0.00802928  0.00802918 2.67751e-05
1.80188e-11         0.5         0.5 1.46538e-12
   0.991469  0.00426101  0.00426023 9.71366e-06
   0.987118  0.00643188  0.00643143 1.89706e-05
   0.997491  0.00125419  0.00125404 1.13159e-06
  0.989083 0.00545167 0.00545104 1.4562e-05
   0.999131 0.000434659 0.000434627 1.56059e-07
   0.999038 0.000480976 0.000480938 1.89163e-07
0.00659217   0.495999   0.495999 0.00140906
   0.988968  0.00550881   0.0055082 1.48096e-05
   0.999781 0.000109384 0.000109379 1.08813e-08
   0.995852   0.0020726  0.00207228 2.80081e-06
   0.991652  0.00416953  0.00416874 9.36808e-06
   0.995317  0.00234019   0.0023398 3.47186e-06
1.17889e-12         0.5         0.5  3.2982e-13
 0.00188044    0.498698    0.498698 0.000723816
   0.996788  0.00160538  0.00160516 1.77244e-06
 0.00271224    0.498195    0.498195 0.000898369
   0.999742    0.000129 0.000128995 1.50098e-08
   0.999802 9.89844e-05 9.89808e-05 8.95238e-09
   0.999992 4.02116e-06 4.02114e-06 1.58808e-11
2.14447e-10 1.48917e-05 1.48915e-05     0.99997
   0.995806  0.00209597  0.00209564 2.85713e-06
0.00486104   0.496958   0.496958  0.0012221
   0.985716   0.0071312   0.0071309 2.23035e-05
1.33391e-13         0.5         0.5 1.00628e-13
0.000501568    0.499604    0.499604 0.000291025
   0.996346   0.0018259  0.00182563 2.23408e-06
   0.980443  0.00976038  0.00976076 3.58759e-05
   0.992049  0.00397158  0.00397077 8.63483e-06
   0.998447 0.000776201 0.000776124 4.65863e-07
   0.999188 0.000406075 0.000406045 1.37099e-07
   0.999995 2.69599e-06 2.69598e-06 7.16189e-12
0.000131229    0.499886    0.499886 9.76882e-05
          1 7.86397e-08 7.86397e-08 6.16879e-15
0.000706422    0.499459    0.499459 0.000375266
  0.989698  0.0051447 0.00514403 1.3254e-05
0.037548  0.47998 0.479979 0.002493
   0.999943 2.86761e-05 2.86756e-05 7.83504e-10
   0.997511  0.00124378  0.00124363 1.11446e-06
   0.999209 0.000395411 0.000395382 1.30317e-07
 0.00131224    0.499056    0.499056 0.000575953
   0.983657  0.00815758  0.00815751 2.74295e-05
   0.987425  0.00627881  0.00627833 1.82607e-05
3.29163e-10    0.500002    0.499998 4.47903e-12
0.000695081    0.499467    0.499467 0.000370882
   0.993311  0.00334164  0.00334099 6.44376e-06
   0.979923   0.0100198   0.0100202 3.72839e-05
1.48215e-17         0.5         0.5 1.47373e-17
  0.979262  0.0103492  0.0103497 3.9086e-05
    0.99807 0.000964474 0.000964368 6.97728e-07
2.60752e-11         0.5         0.5 1.77408e-12
1.67658e-11         0.5         0.5 1.44636e-12
   0.998915 0.000542182 0.000542137 2.37335e-07
   0.989602  0.00519275  0.00519209 1.34563e-05
   0.992166  0.00391316  0.00391234 8.42235e-06
1.11347e-10    0.500001    0.499999 3.19143e-12
   0.999603 0.000198472 0.000198462 3.46477e-08
  0.980155 0.00990376 0.00990419 3.6653e-05
8.52861e-12         0.5         0.5 1.04333e-12
   0.989255   0.0053655  0.00536486 1.41911e-05
   0.999994 2.89879e-06 2.89878e-06 8.27539e-12
    0.99933 0.000335122   0.0003351 9.49947e-08
  0.994714 0.00264106  0.0026406 4.2918e-06
4.07403e-13         0.5         0.5  1.5757e-13
7.20388e-12         0.5         0.5 9.23679e-13
3.57297e-12         0.5         0.5 6.33737e-13
   0.998168 0.000915683 0.000915585 6.33711e-07
  0.991813  0.0040895  0.0040887 9.0692e-06
6.27868e-07 0.000882727 0.000882657    0.998234
    0.98364  0.00816626   0.0081662 2.74739e-05
 3.7995e-12         0.5         0.5 6.94318e-13
   0.992753  0.00362023   0.0036195 7.38502e-06
2.11569e-11         0.5         0.5 1.61235e-12
   0.997396  0.00130128  0.00130112 1.21045e-06
2.47182e-13         0.5         0.5 1.05344e-13
   0.985782  0.00709784  0.00709752 2.21414e-05
3.17815e-12         0.5         0.5 6.33204e-13
5.92745e-10    0.500003    0.499997 5.11606e-12
   0.997099  0.00145003  0.00144984 1.47415e-06
   0.980291  0.00983617  0.00983657 3.62863e-05
   0.993213  0.00339039  0.00338972 6.60515e-06
   0.999484 0.000258102 0.000258088 5.75329e-08
   0.998588 0.000705607  0.00070554 3.89736e-07
6.72942e-16         0.5         0.5  6.4662e-16
  0.996624  0.0016874 0.00168715  1.939e-06
   0.999798  0.00010109 0.000101086 9.32833e-09
   0.994865  0.00256572  0.00256528 4.08025e-06
   0.996215  0.00189168  0.00189139 2.38013e-06
    0.99784  0.00107973   0.0010796 8.59499e-07
6.78633e-12         0.5         0.5 8.95248e-13
   0.988936  0.00552467  0.00552406 1.48785e-05
   0.987938  0.00602251  0.00602199 1.70891e-05
5.82713e-14         0.5         0.5 2.50957e-14
   0.999789 0.000105541 0.000105537 1.01475e-08
 1.6915e-15         0.5         0.5 8.83215e-15
   0.999699 0.000150506 0.000150499 2.02612e-08
   0.991883  0.00405442  0.00405362 8.93923e-06
   0.998645 0.000677208 0.000677145 3.60834e-07
 3.5376e-11 6.01222e-06 6.01217e-06    0.999988
   0.995861   0.0020685  0.00206818 2.79098e-06
 0.0213798   0.488226   0.488226 0.00216739
   0.979357   0.0103019   0.0103024 3.88264e-05
  0.995747  0.0021254 0.00212506 2.9287e-06
3.94914e-09 6.50088e-05  6.5007e-05     0.99987
   0.999207 0.000396548 0.000396519 1.31032e-07
   0.999408 0.000296029 0.000296011 7.48874e-08
   0.993369  0.00331249  0.00331185 6.34796e-06
   0.991732  0.00413003  0.00412924 9.22015e-06
    0.99996 1.99958e-05 1.99954e-05 3.84022e-10
   0.990813  0.00458855   0.0045878 1.09845e-05
   0.997197   0.0014007  0.00140051 1.38427e-06
4.54798e-08  0.00022647  0.00022646    0.999547
5.30548e-05    0.499952    0.499952 4.37789e-05
   0.993043  0.00347557  0.00347488 6.89057e-06
   0.999855 7.25774e-05 7.25752e-05 4.87627e-09
   0.997422   0.0012885  0.00128833 1.18881e-06
2.66317e-10         0.5         0.5 2.66217e-10
    0.99768  0.00115955  0.00115941 9.79996e-07
   0.987776  0.00610334  0.00610282 1.74562e-05
   0.998127 0.000936188 0.000936087 6.60286e-07
0.000595644    0.499537    0.499537 0.000331114
   0.992152  0.00391999  0.00391918 8.44711e-06
   0.982746  0.00861195    0.008612 2.97749e-05
   0.999104 0.000448106 0.000448072 1.65368e-07
   0.997633  0.00118331  0.00118317 1.01718e-06
   0.988634  0.00567539  0.00567481 1.55383e-05
  0.992771 0.00361106 0.00361033 7.3533e-06
  0.997328 0.00133564 0.00133547 1.2694e-06
4.34532e-12         0.5         0.5 7.05553e-13
1.04424e-16         0.5         0.5 1.02808e-16
   0.986947  0.00651697  0.00651654 1.93683e-05
   0.984123  0.00792537  0.00792525 2.62479e-05
   0.997117  0.00144097  0.00144077 1.45746e-06
   0.999893 5.37435e-05 5.37421e-05   2.703e-09
4.86482e-13         0.5         0.5 1.80093e-13
    0.99926 0.000369859 0.000369833 1.14715e-07
0.00543425   0.496638   0.496638 0.00128935
   0.995529  0.00223407   0.0022337 3.19895e-06
 0.00173062    0.498791    0.498791 0.000687597
   0.999982 9.18243e-06 9.18234e-06 8.20471e-11
3.10541e-13         0.5         0.5 1.27247e-13
   0.988679  0.00565318  0.00565259 1.54406e-05
   0.991731  0.00413025  0.00412945 9.22096e-06
 0.00135659    0.499027    0.499027 0.000588628
   0.994201  0.00289739  0.00289686 5.04147e-06
   0.998728  0.00063603 0.000635973 3.20711e-07
   0.984477  0.00774884  0.00774868 2.53578e-05
   0.993497  0.00324893  0.00324831 6.14085e-06
    0.99988 6.01377e-05  6.0136e-05 3.37138e-09
   0.996305  0.00184637  0.00184609 2.27912e-06
   0.990784  0.00460268  0.00460194 1.10405e-05
9.69187e-05    0.499914    0.499914 7.50314e-05
   0.996714  0.00164205  0.00164182 1.84616e-06
   0.990342  0.00482341   0.0048227 1.19264e-05
   0.993007  0.00349352  0.00349282 6.95125e-06
9.15873e-13         0.5         0.5 2.80159e-13
1.69854e-10    0.500001    0.499999 3.68686e-12
 0.00138495    0.499009    0.499009 0.000596616
1.79537e-13         0.5         0.5 7.96174e-14
    0.99941  0.00029485 0.000294832 7.43157e-08
   0.998586 0.000706939 0.000706872 3.91117e-07
   0.996917  0.00154053  0.00154032 1.64514e-06
   0.986478   0.0067509  0.00675051 2.04733e-05
5.81454e-12         0.5         0.5   8.251e-13
    0.97943   0.0102653   0.0102658 3.86255e-05
    0.98249  0.00873985  0.00873993 3.04426e-05
   0.997481  0.00125917  0.00125902 1.13982e-06
   0.996592  0.00170318  0.00170293 1.97176e-06
   0.991489  0.00425125  0.00425047 9.67661e-06
3.87873e-13         0.5         0.5 1.96089e-13
   0.998397 0.000801438 0.000801357 4.94535e-07
   0.988767  0.00560893  0.00560833 1.52463e-05
  0.993176 0.00340889 0.00340822 6.6668e-06
     0.9991 0.000449764  0.00044973 1.66534e-07
   0.998945 0.000527646 0.000527602 2.25444e-07
   0.999123 0.000438269 0.000438236 1.58534e-07
   0.985611  0.00718344  0.00718315 2.25581e-05
   0.999994 3.01605e-06 3.01604e-06 8.95568e-12
  0.985916 0.00703112  0.0070308 2.1818e-05
   0.979664   0.0101486   0.0101491 3.79869e-05
   0.999592 0.000203966 0.000203955 3.65271e-08
   0.998984 0.000507753 0.000507712 2.09624e-07
  0.161019   0.418052   0.418054 0.00287492
   0.995111  0.00244307  0.00244266 3.74468e-06
   0.987059  0.00646097  0.00646053 1.91063e-05
   0.993019  0.00348739   0.0034867 6.93051e-06
3.54627e-12         0.5         0.5 6.31111e-13
   0.997635  0.00118202  0.00118188 1.01514e-06
   0.984225  0.00787445  0.00787432 2.59904e-05
   0.991112  0.00443897  0.00443821 1.03978e-05
9.55335e-12         0.5         0.5 1.10322e-12
   0.995563  0.00221716   0.0022168 3.15628e-06
6.17626e-13         0.5         0.5 2.58411e-13
   0.999348 0.000325777 0.000325756 8.99859e-08
   0.994873  0.00256172  0.00256127 4.06912e-06
   0.995017  0.00248964  0.00248921 3.87077e-06
2.15214e-16         0.5         0.5 2.10426e-16
   0.983597  0.00818784  0.00818778 2.75843e-05
   0.994445  0.00277517  0.00277467 4.67836e-06
   0.999757  0.00012147 0.000121465 1.33498e-08
   0.999582 0.000208941  0.00020893 3.82694e-08
   0.993307  0.00334383  0.00334318 6.45099e-06
   0.999965 1.74513e-05  1.7451e-05 2.93287e-10
 1.7112e-11         0.5         0.5 1.42919e-12
   0.994831  0.00258283  0.00258238 4.12793e-06
   0.999999 4.42716e-07 4.42717e-07 1.94834e-13
   0.996672  0.00166338  0.00166314 1.88959e-06
0.000354356    0.499712    0.499712 0.000222348
   0.999714 0.000143216  0.00014321 1.83969e-08
   0.983341  0.00831559  0.00831557 2.82403e-05
   0.993005  0.00349461  0.00349392 6.95496e-06
   0.990292  0.00484818  0.00484747 1.20272e-05
   0.985266  0.00735534  0.00735508 2.34007e-05
   0.999726 0.000137216  0.00013721 1.69271e-08
     0.9951  0.00244845  0.00244804 3.75918e-06
   0.997841  0.00107919  0.00107906 8.58707e-07
   0.994739  0.00262847  0.00262801 4.25617e-06
8.35801e-15         0.5         0.5 1.83444e-14
   0.991743  0.00412411  0.00412331 9.19803e-06
0.0230337  0.487377  0.487376 0.0022133
6.42674e-15         0.5         0.5 1.59839e-14
 0.00036675    0.499702    0.499702 0.000228458
   0.999846 7.71284e-05 7.71259e-05 5.49376e-09
2.12865e-13         0.5         0.5 1.35421e-13
 4.7146e-13         0.5         0.5 1.75947e-13
   0.998652 0.000674044 0.000673981 3.57675e-07
    0.99707  0.00146419  0.00146399 1.50038e-06
1.08737e-11         0.5         0.5 1.17523e-12
   0.996217  0.00189033  0.00189005 2.37711e-06
    0.99087  0.00455993  0.00455918 1.08714e-05
3.50791e-11         0.5         0.5 2.02425e-12
   0.999669 0.000165472 0.000165464 2.43572e-08
   0.990719  0.00463524   0.0046345 1.11698e-05
   0.992109  0.00394146  0.00394065 8.52506e-06
6.42636e-05    0.499942    0.499942 5.20591e-05
 0.0616941   0.467793   0.467792 0.00272071
2.51318e-11 5.06307e-06 5.06303e-06     0.99999
1.10155e-05    0.499989    0.499989 1.00713e-05
   0.994488  0.00275403  0.00275354 4.61661e-06
      0.997   0.0014991  0.00149889 1.56588e-06
   0.998538 0.000730995 0.000730925 4.16416e-07
   0.995205  0.00239607  0.00239567 3.61906e-06
   0.997522  0.00123835   0.0012382 1.10557e-06
1.39962e-10    0.500001    0.499999 3.47301e-12
   0.995272  0.00236226  0.00236187 3.52972e-06
  0.986538 0.00672116 0.00672077 2.0332e-05
   0.983764  0.00810457  0.00810449 2.71587e-05
   0.993262  0.00336607  0.00336541 6.52446e-06
   0.991804  0.00409371  0.00409291 9.08483e-06
   0.999813 9.35013e-05  9.3498e-05 8.00851e-09
   0.994609  0.00269331  0.00269284 4.44091e-06
2.39659e-11 4.94367e-06 4.94363e-06     0.99999
   0.997943  0.00102794  0.00102782 7.84992e-07
1.00277e-10 1.01543e-05 1.01542e-05     0.99998
   0.989703  0.00514225  0.00514158 1.32438e-05
   0.992431  0.00378077  0.00377999 7.94767e-06
   0.990676   0.0046567  0.00465597 1.12553e-05
  0.028122   0.484773   0.484773 0.00233256
   0.995754  0.00212181  0.00212147 2.91993e-06
4.71948e-13         0.5         0.5 2.20569e-13
   0.999593  0.00020339 0.000203379 3.63277e-08
   0.986119   0.0069302  0.00692986 2.13312e-05
  0.986133 0.00692289 0.00692254 2.1296e-05
   0.988409  0.00578782  0.00578725 1.60359e-05
   0.986974  0.00650361  0.00650317 1.93057e-05
1.23229e-12         0.5         0.5  3.8204e-13
8.49725e-08         0.5         0.5 8.42997e-08
   0.997724  0.00113738  0.00113725 9.45852e-07
   0.989833  0.00507735  0.00507667 1.29721e-05
1.82898e-11         0.5         0.5 1.50673e-12
    0.98777  0.00610662  0.00610611 1.74711e-05
   0.999919 4.07304e-05 4.07294e-05 1.56597e-09
   0.993449  0.00327271  0.00327208 6.21805e-06
0.000685157    0.499474    0.499474 0.000367022
   0.991462  0.00426433  0.00426355 9.72629e-06
   0.998676 0.000661975 0.000661914 3.45743e-07
    0.99699  0.00150451   0.0015043 1.57614e-06
   0.997364  0.00131724  0.00131707 1.23769e-06
    0.99318  0.00340703  0.00340636 6.66059e-06
   0.994077  0.00295893  0.00295839 5.22814e-06
   0.998497 0.000751559 0.000751486 4.38603e-07
1.04553e-12         0.5         0.5 3.48785e-13
   0.996985  0.00150657  0.00150637 1.58007e-06
    0.98347  0.00825084   0.0082508 2.79074e-05
   0.998714  0.00064269 0.000642632 3.27056e-07
    0.99503  0.00248338  0.00248295 3.85373e-06
1.13334e-06    0.499999    0.499999 1.10085e-06
   0.993406  0.00329441  0.00329377 6.28879e-06
 0.0128471   0.492656   0.492656 0.00184088
 1.2171e-11         0.5         0.5 1.24123e-12
5.86149e-13         0.5         0.5 2.06236e-13
0.00506685   0.496843   0.496843 0.00124695
0.00802132   0.495222   0.495222 0.00153399
   0.998869 0.000565382 0.000565334 2.56887e-07
   0.997412  0.00129361  0.00129344 1.19744e-06
   0.999584 0.000208116 0.000208105  3.7978e-08
   0.991845  0.00407321  0.00407241 9.00875e-06
   0.999792  0.00010375 0.000103747 9.81395e-09
1.17604e-12         0.5         0.5 3.29315e-13
0.000892502    0.499332    0.499332 0.000443338
   0.993979  0.00300806   0.0030075 5.37892e-06
3.61561e-13         0.5         0.5  1.8792e-13
  0.992792 0.00360057 0.00359984 7.3171e-06
   0.999953 2.34135e-05 2.34131e-05 5.24769e-10
   0.999806 9.67949e-05 9.67915e-05  8.5694e-09
   0.990579  0.00470532  0.00470459 1.14497e-05
 0.00286453    0.498105    0.498105 0.000926411
   0.982133  0.00891759  0.00891772 3.13757e-05
   0.986224  0.00687776   0.0068774 2.10793e-05
    0.99318  0.00340714  0.00340647 6.66095e-06
   0.999669 0.000165735 0.000165728 2.44326e-08
   0.989997  0.00499557  0.00499488 1.26324e-05
 4.7642e-10    0.500003    0.499997 4.89025e-12
   0.994334    0.002831  0.00283049 4.84297e-06
    0.97802   0.0109681   0.0109689 4.25113e-05
  0.988918 0.00553397 0.00553336 1.4919e-05
   0.999782 0.000108873 0.000108868 1.07823e-08
   0.989232  0.00537743   0.0053768 1.42423e-05
7.67785e-14         0.5         0.5  3.4248e-14
8.44601e-16         0.5         0.5  8.0768e-16
   0.999921 3.93739e-05  3.9373e-05 1.46483e-09
   0.993234  0.00337998  0.00337932 6.57058e-06
     0.9972  0.00139934  0.00139916 1.38184e-06
   0.981253  0.00935628  0.00935654 3.37032e-05
   0.988617   0.0056838  0.00568321 1.55754e-05
  0.995129 0.00243381  0.0024334 3.7198e-06
   0.998339 0.000830502 0.000830417 5.28495e-07
4.81978e-13         0.5         0.5 2.23344e-13
   0.999396  0.00030201 0.000301991 7.78188e-08
 4.3213e-13         0.5         0.5 1.64804e-13
   0.992235  0.00387853  0.00387772 8.29727e-06
   0.997526  0.00123639  0.00123624 1.10236e-06
   0.993343  0.00332586  0.00332521 6.39184e-06
   0.996603  0.00169741  0.00169716 1.95975e-06
7.34707e-14         0.5         0.5 3.26341e-14
  0.984878 0.00754898 0.00754877 2.4359e-05
   0.981132  0.00941664  0.00941692 3.40261e-05
   0.999002  0.00049895  0.00049891 2.02792e-07
   0.996274  0.00186183  0.00186155 2.31338e-06
   0.999999 2.56614e-07 2.56615e-07 6.55534e-14
   0.982262  0.00885361  0.00885372 3.10391e-05
   0.995219  0.00238877  0.00238837 3.59968e-06
   0.996376  0.00181102  0.00181075 2.20155e-06
   0.982555  0.00870751  0.00870758 3.02735e-05
2.82367e-10    0.500002    0.499998 4.29111e-12
   0.985342  0.00731755  0.00731729 2.32148e-05
0.000785169    0.499405    0.499405 0.000404924
   0.999129 0.000435446 0.000435413 1.56597e-07
   0.986658  0.00666136  0.00666096 2.00485e-05
   0.999986 6.80292e-06 6.80286e-06 4.52059e-11
 0.0117366   0.493241   0.493241 0.00178174
   0.985553  0.00721215  0.00721186 2.26983e-05
   0.983562  0.00820502  0.00820497 2.76723e-05
   0.999645 0.000177508   0.0001775 2.79111e-08
   0.989212  0.00538735  0.00538671 1.42849e-05
   0.998529 0.000735203 0.000735133 4.20915e-07
   0.999831 8.43216e-05 8.43188e-05 6.54229e-09
2.47563e-13         0.5         0.5 1.48844e-13
   0.996597  0.00170085   0.0017006 1.96691e-06
0.0983274  0.449408  0.449409 0.0028554
   0.995764  0.00211653   0.0021162 2.90706e-06
   0.995151  0.00242284  0.00242243 3.69039e-06
  0.981561 0.00920278   0.009203 3.2885e-05
   0.992991  0.00350118  0.00350048 6.97721e-06
  0.989843 0.00507253 0.00507185 1.2952e-05
1.03091e-07 0.000345195 0.000345176     0.99931
    0.98652  0.00673007  0.00672968 2.03743e-05
0.000757087    0.499424    0.499424   0.0003945
   0.997521   0.0012392  0.00123904 1.10695e-06
 2.0138e-14         0.5         0.5 3.03219e-14
8.45922e-12         0.5         0.5 1.03913e-12
2.34968e-07 0.000528846 0.000528811    0.998942
    0.99141  0.00429046  0.00428968 9.82581e-06
   0.998597 0.000701458 0.000701392 3.85452e-07
   0.985949  0.00701477  0.00701444 2.17389e-05
   0.996493  0.00175264  0.00175239 2.07588e-06
   0.985285  0.00734591  0.00734566 2.33543e-05
   0.983374  0.00829915  0.00829913 2.81557e-05
   0.994017  0.00298912  0.00298857 5.32063e-06
   0.999623 0.000188282 0.000188272 3.12867e-08
0.00330259   0.497848   0.497848 0.00100179
   0.998738 0.000630825 0.000630769 3.15791e-07
   0.992781  0.00360603   0.0036053 7.33595e-06
3.82998e-13         0.5         0.5 1.94596e-13
   0.998375 0.000812348 0.000812265 5.07166e-07
   0.996527  0.00173575   0.0017355 2.04007e-06
   0.997936  0.00103175  0.00103163 7.90377e-07
   0.998304 0.000847704 0.000847616 5.49063e-07
  0.979736  0.0101127  0.0101132 3.7791e-05
 2.6783e-06    0.499997    0.499997 2.56147e-06
   0.988986  0.00550008  0.00549947 1.47717e-05
0.00338023   0.497803   0.497803  0.0010144
  0.990525 0.00473204 0.00473131 1.1557e-05
   0.989716  0.00513583  0.00513516 1.32168e-05
   0.979725   0.0101184   0.0101189 3.78219e-05
 3.8759e-09 6.43934e-05 6.43917e-05    0.999871
   0.995898  0.00204959  0.00204927 2.74579e-06
0.00367817    0.49763    0.49763 0.00106099
   0.992498  0.00374755  0.00374678 7.83006e-06
   0.996736  0.00163141  0.00163119 1.82464e-06
   0.983187  0.00839229  0.00839229 2.86357e-05
   0.994509  0.00274336  0.00274287 4.58554e-06
   0.989302  0.00534241  0.00534177 1.40922e-05
0.00421526   0.497323   0.497323 0.00113839
2.48816e-05    0.499977    0.499977 2.17749e-05
   0.980315  0.00982444  0.00982483 3.62227e-05
   0.993318  0.00333791  0.00333726 6.43149e-06
   0.999174 0.000412925 0.000412895 1.41539e-07
   0.998917 0.000541327 0.000541282 2.36628e-07
   0.991601  0.00419534  0.00419455 9.46513e-06
   0.999804  9.7939e-05 9.79355e-05 8.76852e-09
   0.999708 0.000146237 0.000146231 1.91592e-08
0.000173345    0.499851    0.499851 0.000123872
   0.978258   0.0108495   0.0108502 4.18509e-05
   0.995006  0.00249536  0.00249493 3.88637e-06
  0.987672 0.00615544 0.00615494 1.7694e-05
   0.995235  0.00238115  0.00238075 3.57951e-06
   0.985039  0.00746846  0.00746823 2.39594e-05
   0.998333 0.000833153 0.000833068 5.31642e-07
3.40776e-05  0.00741535  0.00741418    0.985136
   0.997795  0.00110219  0.00110207 8.92725e-07
3.93584e-11         0.5         0.5 2.10243e-12
   0.999885 5.73875e-05  5.7386e-05 3.07511e-09
3.82579e-06    0.499996    0.499996 3.62751e-06
   0.999109 0.000445324 0.000445291 1.63423e-07
   0.987661  0.00616104  0.00616054 1.77196e-05
    0.99183  0.00408098  0.00408018 9.03756e-06
0.00831235   0.495065   0.495065 0.00155696
   0.999836 8.19661e-05 8.19634e-05 6.18918e-09
   0.999939 3.05091e-05 3.05085e-05 8.85511e-10
8.01761e-13         0.5         0.5  2.5635e-13
   0.999576 0.000211911   0.0002119 3.93281e-08
    0.98922  0.00538324  0.00538261 1.42673e-05
   0.999982 8.94568e-06 8.94559e-06 7.78984e-11
    0.99608  0.00195904  0.00195874 2.53355e-06
   0.994363  0.00281638  0.00281587 4.79966e-06
   0.991578   0.0042064  0.00420561 9.50685e-06
   0.990569  0.00471025  0.00470952 1.14695e-05
1.26769e-11         0.5         0.5 1.26586e-12
   0.986063  0.00695777  0.00695743 2.14639e-05
   0.997611  0.00119423  0.00119408 1.03446e-06
   0.985423  0.00727735  0.00727708 2.30175e-05
8.76615e-11    0.500001    0.499999 2.93997e-12
1.49198e-06  0.00139073   0.0013906    0.997217
   0.998268 0.000865777 0.000865687 5.71045e-07
   0.991444  0.00427365  0.00427287 9.76175e-06
   0.980045  0.00995885  0.00995929 3.69524e-05
1.79272e-12         0.5         0.5 4.68316e-13
   0.999975 1.26517e-05 1.26515e-05 1.55015e-10
0.00577445    0.49645   0.496449 0.00132657
   0.998784 0.000607929 0.000607876 2.94559e-07
1.32145e-13         0.5         0.5 1.00024e-13
  0.993249 0.00337275 0.00337209 6.5466e-06
   0.992427  0.00378284  0.00378206 7.95501e-06
   0.988124  0.00592977  0.00592923 1.66706e-05
   0.988511  0.00573671  0.00573613 1.58091e-05
   0.997913  0.00104321   0.0010431 8.06667e-07
   0.999244 0.000378073 0.000378047  1.1963e-07
   0.985249  0.00736387  0.00736362 2.34427e-05
   0.999204 0.000397876 0.000397848 1.31871e-07
  0.987711 0.00613574 0.00613523 1.7604e-05
7.85808e-06    0.499992    0.499992 7.28365e-06
  0.989403 0.00529177 0.00529112 1.3876e-05
8.44092e-08 0.000311356 0.000311339    0.999377
   0.983594  0.00818921  0.00818916 2.75914e-05
   0.987074  0.00645375  0.00645331 1.90726e-05
0.00357301   0.497691   0.497691 0.00104487
   0.990779  0.00460543  0.00460468 1.10513e-05
   0.992707  0.00364328  0.00364254 7.46489e-06
   0.997879  0.00105999  0.00105987 8.30763e-07
 7.8204e-12         0.5         0.5 9.64033e-13
5.27154e-12         0.5         0.5 8.20403e-13
   0.998363 0.000818109 0.000818026 5.13893e-07
0.000369824      0.4997      0.4997 0.000229962
   0.994355  0.00282053  0.00282002 4.81193e-06
0.0124395   0.49287   0.49287 0.0018198
 0.0100015   0.494161   0.494161 0.00167712
   0.999882 5.89202e-05 5.89186e-05  3.2386e-09
   0.994483  0.00275665  0.00275615 4.62423e-06
0.000129959    0.499887    0.499887 9.68725e-05
    0.99689   0.0015545  0.00155429 1.67224e-06
   0.992197  0.00389775  0.00389694 8.36661e-06
  0.992197 0.00389786 0.00389704  8.367e-06
   0.999383 0.000308554 0.000308535 8.10865e-08
    0.99765  0.00117454   0.0011744 1.00339e-06
0.000618659     0.49952     0.49952 0.000340541
   0.987383  0.00629932  0.00629884 1.83553e-05
   0.988935  0.00552526  0.00552465 1.48811e-05
   0.979588   0.0101868   0.0101873 3.81959e-05
2.40794e-15         0.5         0.5 1.01475e-14
   0.999538  0.00023112 0.000231108 4.65028e-08
   0.994485  0.00275556  0.00275507 4.62105e-06
   0.980631  0.00966649  0.00966684 3.53688e-05
   0.994413  0.00279163  0.00279112 4.72666e-06
    0.99848 0.000759984  0.00075991 4.47841e-07
   0.987457  0.00626277  0.00626229 1.81867e-05
   0.986974  0.00650352  0.00650308 1.93053e-05
0.00244023   0.498357   0.498357 0.00084557
  0.990088 0.00495018 0.00494948 1.2445e-05
   0.988622  0.00568155  0.00568096 1.55655e-05
   0.998163 0.000918335 0.000918236  6.3712e-07
    0.98319  0.00839092  0.00839091 2.86286e-05
   0.999818 9.07962e-05  9.0793e-05 7.56156e-09
   0.993467  0.00326395  0.00326332 6.18955e-06
   0.983101  0.00843495  0.00843496 2.88562e-05
4.62845e-13         0.5         0.5 2.18026e-13
9.28224e-14         0.5         0.5 7.96836e-14
9.74025e-13         0.5         0.5 2.91714e-13
5.36136e-12         0.5         0.5 7.90186e-13
   0.991789  0.00410136  0.00410057 9.11329e-06
5.72879e-13         0.5         0.5 2.47308e-13
   0.998367 0.000816462 0.000816379 5.11965e-07
   0.997177  0.00141105  0.00141087 1.40294e-06
   0.996267  0.00186533  0.00186505 2.32119e-06
   0.982992  0.00848965  0.00848967 2.91394e-05
8.99769e-13         0.5         0.5 3.20609e-13
0.000392033    0.499684    0.499684 0.000240718
     0.9961  0.00194884  0.00194855 2.51007e-06
6.81394e-14         0.5         0.5 6.52709e-14
   0.994146  0.00292449  0.00292395 5.12336e-06
  0.991736 0.00412766 0.00412687 9.2113e-06
0.000168256    0.499855    0.499855 0.000120792
8.81159e-14         0.5         0.5 3.97031e-14
1.44446e-12         0.5         0.5 3.74389e-13
0.000545349    0.499572    0.499572 0.000310006
   0.998616  0.00069194 0.000691875 3.75702e-07
9.62919e-11    0.500001    0.499999 3.02601e-12
 0.0724933   0.462365   0.462364 0.00277756
   0.989178  0.00540416  0.00540353 1.43572e-05
0.000126675    0.499889    0.499889 9.47557e-05
   0.998399  0.00080021  0.00080013 4.93123e-07
   0.988227  0.00587857  0.00587802 1.64409e-05
   0.993566  0.00321452  0.00321391 6.02976e-06
    0.98974  0.00512399  0.00512331 1.31671e-05
  0.992306 0.00384311 0.00384231   8.17e-06
   0.989039  0.00547366  0.00547304 1.46572e-05
   0.989525  0.00523111  0.00523045 1.36184e-05
  0.983945 0.00801431 0.00801421 2.6699e-05
    0.99915 0.000424809 0.000424777 1.49398e-07
   0.996647  0.00167548  0.00167524 1.91442e-06
   0.991047  0.00447148  0.00447072 1.05244e-05
   0.997293  0.00135295  0.00135278 1.29956e-06
   0.990573  0.00470805  0.00470732 1.14606e-05
   0.998522 0.000738783 0.000738712 4.24758e-07
 0.00046999    0.499627    0.499627 0.000276957
   0.999998 1.09643e-06 1.09643e-06 1.19092e-12
   0.984896  0.00754015  0.00753994 2.43151e-05
   0.999987 6.54076e-06 6.54071e-06 4.18081e-11
    0.99159  0.00420071  0.00419992 9.48538e-06
 0.00219258    0.498507    0.498507 0.000794101
   0.990817  0.00458654   0.0045858 1.09765e-05
   0.996821  0.00158851  0.00158829 1.73895e-06
   0.992887  0.00355346  0.00355275 7.15529e-06
 0.00102944    0.499241    0.499241 0.000489407
3.84368e-11 6.26832e-06 6.26826e-06    0.999987
   0.999876 6.17882e-05 6.17865e-05 3.55556e-09
0.000179278    0.499847    0.499847 0.000127437
  0.996073 0.00196227 0.00196197  2.541e-06
   0.987668  0.00615731  0.00615681 1.77026e-05
   0.993724  0.00313541  0.00313482 5.77717e-06
   0.989722  0.00513266  0.00513199 1.32035e-05
  0.995692 0.00215278 0.00215244 2.9959e-06
   0.999988 5.80266e-06 5.80262e-06 3.29489e-11
   0.989457  0.00526491  0.00526426 1.37618e-05
1.70592e-10    0.500001    0.499999 3.70581e-12
   0.998316  0.00084179 0.000841704 5.41953e-07
   0.997729  0.00113519  0.00113505 9.42505e-07
   0.999604 0.000198092 0.000198082 3.45196e-08
0.000594106    0.499538    0.499538 0.000330479
4.96868e-12         0.5         0.5 7.96191e-13
   0.998226  0.00088668 0.000886586 5.96943e-07
   0.999503 0.000248464  0.00024845 5.34661e-08
   0.999674  0.00016276 0.000162753 2.35884e-08
   0.995878  0.00205967  0.00205935 2.76985e-06
1.00265e-05     0.49999     0.49999 9.20421e-06
   0.989807  0.00509035  0.00508967 1.30264e-05
   0.988065  0.00595922  0.00595869 1.68032e-05
3.74365e-05    0.499965    0.499965 3.18209e-05
4.66096e-05    0.499957    0.499957 3.89083e-05
   0.999961  1.9683e-05 1.96827e-05  3.7222e-10
   0.986296  0.00684173  0.00684136 2.09067e-05
   0.985039  0.00746846  0.00746823 2.39594e-05
   0.999831 8.43216e-05 8.43188e-05 6.54229e-09
2.10103e-12         0.5         0.5 4.68645e-13
4.23828e-05    0.499961    0.499961 3.56665e-05
1.05569e-12         0.5         0.5 3.07358e-13
   0.997097  0.00145091  0.00145071 1.47577e-06
5.55965e-07 0.000828324  0.00082826    0.998343
2.93145e-12         0.5         0.5 6.07175e-13
   0.999989 5.65844e-06 5.65839e-06 3.13399e-11
   0.999462 0.000269189 0.000269173 6.23838e-08
   0.991549  0.00422111  0.00422032 9.56241e-06
   0.996427  0.00178572  0.00178545 2.14672e-06
   0.981227  0.00936927  0.00936954 3.37727e-05
   0.999337 0.000331701 0.000331679 9.31463e-08
   0.989382  0.00530246  0.00530181 1.39216e-05
   0.987421  0.00628046  0.00627999 1.82683e-05
0.000244885    0.499795    0.499795 0.000165133
   0.999498  0.00025103 0.000251016  5.4535e-08
   0.981594  0.00918639   0.0091866 3.27979e-05
   0.999659 0.000170642 0.000170634 2.58557e-08
   0.996602  0.00169791  0.00169767 1.96081e-06
3.96115e-12         0.5         0.5 7.09322e-13
2.29238e-11         0.5         0.5 1.64372e-12
   0.998079 0.000960132 0.000960027 6.91922e-07
0.000529447    0.499584    0.499584  0.00030318
    0.99846 0.000769813 0.000769738 4.58726e-07
   0.999997 1.55501e-06 1.55501e-06 2.39115e-12
  0.989121 0.00543243  0.0054318 1.4479e-05
   0.99414 0.00292777 0.00292723 5.1333e-06
2.66508e-12         0.5         0.5 5.37591e-13
   0.984511  0.00773186  0.00773169 2.52726e-05
   0.996487   0.0017557  0.00175544 2.08239e-06
   0.993108  0.00344273  0.00344205 6.78002e-06
   0.999973 1.34044e-05 1.34043e-05 1.73847e-10
    0.99229  0.00385137  0.00385057 8.19962e-06
   0.995913  0.00204246  0.00204214 2.72882e-06
3.08919e-11         0.5         0.5 1.91408e-12
   0.997458  0.00127075  0.00127059 1.15905e-06
   0.999955 2.25655e-05 2.25652e-05 4.87837e-10
   0.996941  0.00152896  0.00152875 1.62285e-06
   0.999395 0.000302237 0.000302218 7.79309e-08
0.000251595     0.49979     0.49979 0.000168828
0.00628157    0.49617    0.49617  0.0013788
   0.980502  0.00973073   0.0097311 3.57156e-05
8.62003e-14         0.5         0.5 7.59662e-14
 0.00070017    0.499463    0.499463 0.000372853
   0.996875  0.00156155  0.00156134 1.68597e-06
   0.987468  0.00625733  0.00625685 1.81617e-05
   0.999771 0.000114292 0.000114287 1.18545e-08
   0.998102 0.000948612 0.000948508  6.7662e-07
   0.997396  0.00130138  0.00130121 1.21061e-06
    0.99091  0.00454015   0.0045394 1.07935e-05
   0.999523 0.000238313 0.000238299 4.93348e-08
   0.989516  0.00523536   0.0052347 1.36364e-05
   0.993829  0.00308294  0.00308236 5.61183e-06
   0.979171   0.0103945   0.0103951 3.93354e-05
   0.999901 4.93708e-05 4.93696e-05 2.28739e-09
   0.984769  0.00760318  0.00760298 2.46289e-05
    0.99626  0.00186915  0.00186887 2.32969e-06
    0.98707  0.00645565   0.0064552 1.90814e-05
   0.987097  0.00644237  0.00644193 1.90195e-05
1.68445e-11         0.5         0.5 1.44956e-12
   0.995567  0.00221503  0.00221467 3.15093e-06
 0.0402506    0.47861    0.47861 0.00252893
   0.987238  0.00637168  0.00637122 1.86905e-05
   0.985966  0.00700611  0.00700578 2.16971e-05
   0.990596  0.00469682  0.00469609 1.14156e-05
1.27129e-13         0.5         0.5 5.75785e-14
 0.0400169   0.478729   0.478728 0.00252596
7.27536e-13         0.5         0.5 2.84079e-13
  0.024298   0.486728   0.486728 0.00224579
   0.999098 0.000450761 0.000450726 1.67236e-07
 0.0192585    0.48932    0.48932 0.00210197
  0.994811 0.00259258 0.00259213 4.1552e-06
   0.999969 1.54803e-05 1.54801e-05 2.31287e-10
6.87957e-12         0.5         0.5 9.01679e-13
   0.999442 0.000278822 0.000278805 6.67481e-08
   0.989011  0.00548728  0.00548666 1.47162e-05
   0.998763 0.000618367 0.000618312 3.04155e-07
   0.999244 0.000378073 0.000378047  1.1963e-07
   0.994352  0.00282162  0.00282111 4.81516e-06
  0.992643 0.00367493 0.00367418 7.5751e-06
1.73217e-06  0.00150467  0.00150452    0.996989
   0.997142  0.00142822  0.00142803 1.43413e-06
   0.992023  0.00398468  0.00398387 8.68273e-06
 0.00060925    0.499527    0.499527 0.000336704
   0.995837  0.00208028  0.00207995 2.81927e-06
   0.995594  0.00220165  0.00220129 3.11734e-06
   0.994151  0.00292219  0.00292166 5.11641e-06
   0.999925 3.76809e-05 3.76801e-05 1.34323e-09
1.13117e-12         0.5         0.5 3.21271e-13
   0.981567   0.0092001  0.00920031 3.28707e-05
   0.994731  0.00263249  0.00263202 4.26752e-06
   0.999373 0.000313313 0.000313293 8.35021e-08
0.000951963    0.499292    0.499292 0.000463721
   0.999313 0.000343319 0.000343296 9.94922e-08
    0.99981 9.47988e-05 9.47955e-05 8.22729e-09
   0.996062   0.0019678  0.00196749 2.55376e-06
6.78257e-09 8.55925e-05 8.55899e-05    0.999829
   0.995565  0.00221599  0.00221563 3.15334e-06
0.000123643    0.499892    0.499892 9.27915e-05
   0.997602  0.00119849  0.00119834 1.04124e-06
   0.992068  0.00396194  0.00396113 8.59965e-06
   0.991207  0.00439192  0.00439115 1.02154e-05
    0.99506  0.00246839  0.00246797 3.81304e-06
   0.989994  0.00499701  0.00499632 1.26383e-05
    0.99555  0.00222354  0.00222318 3.17235e-06
7.12648e-13         0.5         0.5 2.80723e-13
   0.995126  0.00243553  0.00243512 3.72442e-06
   0.994872  0.00256237  0.00256192 4.07092e-06
   0.999074 0.000462716 0.000462681 1.75764e-07
   0.988768  0.00560844  0.00560784 1.52442e-05
   0.999011 0.000494536 0.000494497 1.99405e-07
   0.999729 0.000135603 0.000135597  1.6542e-08
   0.994229  0.00288319  0.00288266 4.99876e-06
   0.991696  0.00414791  0.00414711 9.28699e-06
 0.00254982    0.498291    0.498291 0.000867284
 0.00281969    0.498131    0.498131 0.000918261
   0.991671  0.00416018  0.00415938 9.33296e-06
   0.998967 0.000516613 0.000516571 2.16605e-07
    0.99008    0.004954   0.0049533 1.24607e-05
          1 5.76646e-08 5.76647e-08 3.31813e-15
  0.997358 0.00132057  0.0013204 1.2434e-06
8.17843e-05    0.499927    0.499927 6.45785e-05
   0.994588  0.00270397  0.00270349 4.47156e-06
   0.981915  0.00902656  0.00902672 3.19507e-05
   0.997565  0.00121707  0.00121692 1.07102e-06
0.000252724    0.499789    0.499789 0.000169446
   0.989365  0.00531062  0.00530997 1.39564e-05
   0.997441  0.00127914  0.00127898 1.17309e-06
3.94233e-16         0.5         0.5 1.54947e-15
   0.992489  0.00375213  0.00375136 7.84623e-06
2.11852e-11         0.5         0.5 1.58355e-12
 0.00141576     0.49899     0.49899 0.000605198
4.98225e-12         0.5         0.5 7.97292e-13
   0.978973   0.0104933   0.0104939 3.98791e-05
   0.999994 3.08884e-06 3.08882e-06 9.39138e-12
  0.991758 0.00411656 0.00411577 9.1699e-06
0.00630738   0.496156   0.496156 0.00138137
  0.994412 0.00279185 0.00279134 4.7273e-06
   0.999942 2.88531e-05 2.88525e-05 7.93083e-10
   0.993836  0.00307944  0.00307886 5.60085e-06
  0.981862 0.00905272 0.00905289 3.2089e-05
   0.987293  0.00634458  0.00634411 1.85648e-05
   0.999834 8.28982e-05 8.28955e-05 6.32778e-09
   0.998752 0.000623759 0.000623704 3.09167e-07
6.31863e-14         0.5         0.5 2.75544e-14
0.000314689    0.499741    0.499741 0.000202323
1.74213e-05    0.499984    0.499984 1.55733e-05
   0.994098  0.00294843  0.00294789 5.19612e-06
   0.996722  0.00163824  0.00163801 1.83843e-06
   0.994565   0.0027155  0.00271502 4.50481e-06
  0.983389 0.00829145 0.00829142 2.8116e-05
   0.996854  0.00157228  0.00157207 1.70698e-06
  0.992075 0.00395869 0.00395788 8.5878e-06
   0.984851  0.00756234  0.00756214 2.44255e-05
   0.999893 5.37171e-05 5.37157e-05 2.70039e-09
   0.991137  0.00442674  0.00442597 1.03503e-05
   0.997826  0.00108639  0.00108626 8.69295e-07
   0.984056  0.00795866  0.00795855 2.64166e-05
   0.990056  0.00496587  0.00496518 1.25097e-05
  0.520244   0.238902    0.23891 0.00194431
   0.998043 0.000978323 0.000978215 7.16388e-07
   0.999609 0.000195348 0.000195338 3.36001e-08
    0.99962 0.000189863 0.000189853 3.17976e-08
   0.986507   0.0067367  0.00673631 2.04058e-05
   0.994813  0.00259161  0.00259115 4.15247e-06
   0.999784 0.000108035 0.000108031  1.0621e-08
   0.990119  0.00493457  0.00493387 1.23808e-05
   0.999164 0.000417817 0.000417787 1.44751e-07
  0.993155 0.00341941 0.00341873 6.7019e-06
   0.999597 0.000201474 0.000201463 3.56687e-08
   0.999177 0.000411448 0.000411418 1.40577e-07
   0.990369  0.00481008  0.00480936 1.18723e-05
   0.983576  0.00819805  0.00819799 2.76366e-05
   0.991403  0.00429389  0.00429311 9.83888e-06
   0.992652  0.00367067  0.00366993 7.56025e-06
   0.996316  0.00184112  0.00184084 2.26754e-06
  0.994489 0.00275338 0.00275289 4.6147e-06
 0.00116807    0.499149    0.499149 0.000533145
   0.989745  0.00512102  0.00512035 1.31547e-05
   0.995839  0.00207912   0.0020788 2.81649e-06
   0.988021  0.00598138  0.00598085 1.69031e-05
1.99552e-14         0.5         0.5 3.01559e-14
   0.991995  0.00399864  0.00399783 8.73387e-06
   0.997563  0.00121819  0.00121804 1.07282e-06
   0.993675  0.00316006  0.00315946 5.85545e-06
3.11414e-14         0.5         0.5 3.96342e-14
   0.994758  0.00261936   0.0026189 4.23044e-06
   0.997349  0.00132505  0.00132488 1.25111e-06
   0.999974 1.31602e-05   1.316e-05  1.6762e-10
 0.00261611    0.498252    0.498252 0.000880123
    0.99888 0.000559891 0.000559843 2.52196e-07
3.06807e-11         0.5         0.5 1.88104e-12
   0.987475  0.00625364  0.00625316 1.81446e-05
   0.99747 0.00126435 0.00126419 1.1484e-06
  0.994799 0.00259854 0.00259809 4.1719e-06
5.91244e-13         0.5         0.5 2.51915e-13
0.00461534   0.497097   0.497097 0.00119134
1.78348e-13         0.5         0.5 7.91395e-14
0.00407563   0.497403   0.497403 0.00111901
   0.999945 2.73945e-05  2.7394e-05 7.15819e-10
   0.992696  0.00364841  0.00364767 7.48272e-06
   0.994703  0.00264638  0.00264591 4.30689e-06
   0.996509   0.0017445  0.00174424 2.05858e-06
   0.994808  0.00259421  0.00259375 4.15975e-06
   0.987095  0.00644328  0.00644283 1.90237e-05
5.42292e-05  0.00954749  0.00954589    0.980852
6.55417e-12         0.5         0.5 9.15365e-13
    0.99576  0.00211886  0.00211852 2.91272e-06
7.43727e-13         0.5         0.5  2.8769e-13
   0.978245    0.010856   0.0108568 4.18872e-05
   0.997616  0.00119145   0.0011913 1.03005e-06
   0.98602 0.00697915 0.00697882 2.1567e-05
   0.996882  0.00155827  0.00155806 1.67958e-06
  0.994897 0.00254992 0.00254948 4.0364e-06
   0.994522  0.00273716  0.00273667 4.56751e-06
  0.993501 0.00324663 0.00324601 6.1334e-06
   0.993354  0.00332016  0.00331952 6.37312e-06
   0.996778  0.00161018  0.00160996 1.78202e-06
   0.999918 4.10787e-05 4.10777e-05 1.59247e-09
   0.996608  0.00169498  0.00169474 1.95471e-06
   0.995539  0.00222907   0.0022287 3.18631e-06
   0.996084  0.00195686  0.00195656 2.52851e-06
   0.997603  0.00119812  0.00119797 1.04065e-06
   0.982447  0.00876133  0.00876143 3.05551e-05
6.51741e-05    0.499941    0.499941  5.2722e-05
1.40426e-12         0.5         0.5 3.67936e-13
3.23953e-12         0.5         0.5 6.00147e-13
3.06649e-15 5.54337e-08 5.54337e-08           1
0.000192364    0.499836    0.499836 0.000135201
          1 6.83323e-09 6.83324e-09 4.66596e-17
    0.99212  0.00393593  0.00393512 8.50496e-06
   0.999032 0.000483772 0.000483734 1.91254e-07
   0.995776  0.00211073   0.0021104 2.89294e-06
