0.614197 0.122336 0.122426 0.141041
   0.87405  0.0612194  0.0612433 0.00348744
    0.99646  0.00176847  0.00176802 3.02543e-06
0.00504082   0.495371   0.495371 0.00421735
  0.45716  0.235591  0.235677 0.0715724
  0.45716  0.235591  0.235677 0.0715724
1.89435e-09    0.499992    0.500008 2.06099e-09
  0.857772  0.0688794  0.0689096 0.00443941
   0.996199  0.00189924  0.00189875 3.48578e-06
   0.992406  0.00379085  0.00378955 1.37301e-05
0.0581196  0.453605  0.453617  0.034659
  0.45716  0.235591  0.235677 0.0715724
   0.988052  0.00595839  0.00595599 3.36293e-05
   0.989289  0.00534301  0.00534093 2.70996e-05
  0.891417  0.0529829  0.0530004 0.00259958
0.442752 0.213328 0.213424 0.130496
  0.922257  0.0381958  0.0382032 0.00134437
0.000380257   0.0201546   0.0201436    0.959322
  0.45716  0.235591  0.235677 0.0715724
   0.89066  0.0533432   0.053361 0.00263553
  0.45716  0.235591  0.235677 0.0715724
   0.982695  0.00861951  0.00861558 6.98525e-05
0.0795567  0.230375  0.230184  0.459884
  0.45716  0.235591  0.235677 0.0715724
    0.95987   0.0198833   0.0198811 0.000365893
4.65412e-09    0.499953    0.500046  7.7187e-09
6.73741e-09    0.499954    0.500046 7.68064e-09
0.323105 0.282007 0.282085 0.112803
  0.45716  0.235591  0.235677 0.0715724
   0.994631  0.00268138  0.00268057 6.91065e-06
  0.45716  0.235591  0.235677 0.0715724
    0.99951 0.000245145 0.000245119  5.9296e-08
1.14604e-08    0.499968    0.500032 1.15008e-08
   0.993204  0.00339322   0.0033921 1.10226e-05
   0.965034   0.0173452    0.017342 0.000279047
  0.923583  0.0375551  0.0375621 0.00129954
   0.90095  0.0484338   0.048448 0.00216782
  0.45716  0.235591  0.235677 0.0715724
  0.45716  0.235591  0.235677 0.0715724
  0.45716  0.235591  0.235677 0.0715724
  0.45716  0.235591  0.235677 0.0715724
0.327451 0.279436 0.279516 0.113597
 0.745269 0.0597742 0.0597924  0.135164
   0.945847   0.0267464   0.0267472 0.000659734
   0.962234   0.0187219   0.0187192 0.000324697
  0.45716  0.235591  0.235677 0.0715724
  0.45716  0.235591  0.235677 0.0715724
  0.45716  0.235591  0.235677 0.0715724
   0.991234  0.00437453  0.00437295 1.82354e-05
  0.822876  0.0851008  0.0851458 0.00687722
  0.45716  0.235591  0.235677 0.0715724
  0.45716  0.235591  0.235677 0.0715724
2.78481e-06  0.00169508  0.00169468    0.996607
6.49894e-09    0.499956    0.500044 7.34472e-09
  0.45716  0.235591  0.235677 0.0715724
  0.846347  0.0742204  0.0742553 0.00517748
     0.9909  0.00454089  0.00453922 1.96349e-05
  0.45716  0.235591  0.235677 0.0715724
  0.45716  0.235591  0.235677 0.0715724
  0.45716  0.235591  0.235677 0.0715724
  0.45716  0.235591  0.235677 0.0715724
  0.894787 0.00347414 0.00344865  0.0982898
6.09891e-05  0.00802684  0.00802347    0.983889
  0.875826  0.0603802  0.0604035 0.00339062
   0.999493  0.00025363 0.000253602 6.34577e-08
  0.45716  0.235591  0.235677 0.0715724
   0.936706   0.0311972   0.0312004 0.000896733
  0.45716  0.235591  0.235677 0.0715724
   0.934704   0.0321695   0.0321733 0.000953416
0.496999 0.183573 0.183676 0.135753
  0.45716  0.235591  0.235677 0.0715724
0.159058  0.27346 0.273228 0.294254
   0.999973 1.37134e-05  1.3713e-05 1.87441e-10
  0.45716  0.235591  0.235677 0.0715724
  0.45716  0.235591  0.235677 0.0715724
  0.45716  0.235591  0.235677 0.0715724
  0.45716  0.235591  0.235677 0.0715724
 0.845852 0.0185799 0.0185559  0.117012
  0.849131  0.0729213   0.072955 0.00499223
   0.997433  0.00128279  0.00128251 1.59881e-06
1.00114e-10    0.500001    0.499999  7.0141e-11
   0.988211  0.00587938  0.00587701 3.27519e-05
  0.45716  0.235591  0.235677 0.0715724
  0.45716  0.235591  0.235677 0.0715724
 0.783743  0.102961  0.103024 0.0102728
  0.45716  0.235591  0.235677 0.0715724
   0.977586   0.0111514   0.0111465 0.000116305
  0.45716  0.235591  0.235677 0.0715724
   0.956438   0.0215669   0.0215653 0.000429982
    0.96932    0.015234   0.0152302 0.000215746
  0.45716  0.235591  0.235677 0.0715724
  0.45716  0.235591  0.235677 0.0715724
  0.45716  0.235591  0.235677 0.0715724
    0.99557  0.00221303  0.00221241 4.72182e-06
  0.890138  0.0535919  0.0536099 0.00266051
   0.942184   0.0285318   0.0285336 0.000750389
   0.993303  0.00334345  0.00334236 1.07044e-05
  0.45716  0.235591  0.235677 0.0715724
  0.45716  0.235591  0.235677 0.0715724
0.142197 0.267953 0.267726 0.322123
  0.809139  0.0914108  0.0914621 0.00798825
  0.45716  0.235591  0.235677 0.0715724
  0.45716  0.235591  0.235677 0.0715724
   0.86452  0.0657111  0.0657387 0.00403063
   0.966625   0.0165618   0.0165583 0.000254612
  0.913939  0.0422042  0.0422142 0.00164263
  0.45716  0.235591  0.235677 0.0715724
 0.709335 0.0761699 0.0762066  0.138288
  0.45716  0.235591  0.235677 0.0715724
  0.45716  0.235591  0.235677 0.0715724
1.16559e-09    0.500002    0.499998 7.50552e-10
5.54904e-10     0.49999     0.50001 2.32498e-09
0.567213 0.146357 0.146466 0.139963
  0.45716  0.235591  0.235677 0.0715724
  0.923958  0.0373743  0.0373811 0.00128703
    0.99918 0.000410194 0.000410138 1.65406e-07
 0.00017878    0.499824    0.499824 0.000172432
    0.99955 0.000225009 0.000224986 4.99817e-08
  0.45716  0.235591  0.235677 0.0715724
  0.45716  0.235591  0.235677 0.0715724
 0.221241   0.34408  0.344138 0.0905411
  0.911721  0.0432705  0.0432811 0.00172717
  0.45716  0.235591  0.235677 0.0715724
   0.998544 0.000727889 0.000727762 5.18131e-07
  0.45716  0.235591  0.235677 0.0715724
   0.985625  0.00716467  0.00716159 4.84445e-05
  0.45716  0.235591  0.235677 0.0715724
   0.979898   0.0100066   0.0100018 9.38578e-05
  0.45716  0.235591  0.235677 0.0715724
   0.989982  0.00499814  0.00499624 2.37449e-05
  0.45716  0.235591  0.235677 0.0715724
6.97142e-10    0.499988    0.500012 2.53447e-09
4.1213e-06 0.00206482 0.00206428   0.995867
   0.990735  0.00462324  0.00462153 2.03466e-05
  0.810904  0.0906024  0.0906529 0.00784062
   0.974043   0.0129029   0.0128984 0.000155257
   0.997747  0.00112608  0.00112584 1.23404e-06
9.47437e-09    0.499921    0.500079 1.38924e-08
   0.964041   0.0178337   0.0178307 0.000294852
  0.45716  0.235591  0.235677 0.0715724
   0.997399  0.00129974  0.00129945 1.64106e-06
4.39117e-11    0.500001    0.499999 8.70105e-10
  0.45716  0.235591  0.235677 0.0715724
  0.972944  0.0134461  0.0134417 0.00016847
  0.912498  0.0428971  0.0429075 0.00169731
  0.836364  0.0788636  0.0789027 0.00587011
  0.45716  0.235591  0.235677 0.0715724
  0.70552 0.0779484 0.0779872  0.138544
   0.974713   0.0125718   0.0125672 0.000147467
   0.981132   0.0093949  0.00939049 8.28394e-05
  0.45716  0.235591  0.235677 0.0715724
 0.39322 0.241244 0.241334 0.124202
 0.721122  0.130773   0.13087 0.0172358
  0.45716  0.235591  0.235677 0.0715724
   0.969184    0.015301   0.0152971 0.000217628
   0.974003   0.0129228   0.0129183 0.000155731
  0.910184   0.044009  0.0440202 0.00178701
0.324119 0.276786 0.276524 0.122572
7.33121e-09    0.499948    0.500052 8.58494e-09
   0.959054   0.0202836   0.0202815 0.000380664
   0.991332  0.00432595   0.0043244 1.78364e-05
  0.45716  0.235591  0.235677 0.0715724
  0.45716  0.235591  0.235677 0.0715724
  0.823728  0.0847082  0.0847528 0.00681118
  0.990888 0.00454696 0.00454529 1.9687e-05
  0.891907  0.0527497   0.052767 0.00257644
 0.612817  0.176448  0.176561 0.0341739
2.96532e-08    0.500003    0.499997 8.89689e-09
   0.987898  0.00603516  0.00603271 3.44927e-05
  0.45716  0.235591  0.235677 0.0715724
  0.45716  0.235591  0.235677 0.0715724
 0.703145  0.138574  0.138681 0.0196001
7.92176e-09    0.499925    0.500075 1.51696e-08
   0.987599  0.00618386  0.00618134 3.61958e-05
   0.957242   0.0211728   0.0211711 0.000414516
2.30908e-12         0.5         0.5 1.79018e-12
  0.45716  0.235591  0.235677 0.0715724
  0.817077  0.0877698  0.0878175 0.00733567
    0.97185   0.0139861   0.0139818 0.000182136
4.58944e-11    0.500001    0.499999 3.38858e-11
  0.45716  0.235591  0.235677 0.0715724
   0.999851 7.44149e-05 7.44104e-05 5.49598e-09
 0.742598 0.0609695  0.060989  0.135443
0.00564254  0.0760002  0.0759457   0.842412
 4.4872e-07         0.5         0.5 4.47901e-07
  0.45716  0.235591  0.235677 0.0715724
  0.45716  0.235591  0.235677 0.0715724
   0.984551   0.0076982  0.00769481 5.58466e-05
  0.45716  0.235591  0.235677 0.0715724
0.666221 0.154332 0.154446    0.025
0.00971664  0.0980618  0.0979887   0.794233
3.60303e-09    0.499978    0.500022  3.9405e-09
  0.45716  0.235591  0.235677 0.0715724
  0.45716  0.235591  0.235677 0.0715724
   0.955183   0.0221816   0.0221803 0.000454674
   0.994865  0.00256491  0.00256415 6.32792e-06
  0.45716  0.235591  0.235677 0.0715724
   0.999336 0.000331922 0.000331881  1.0848e-07
    0.9051  0.0464473  0.0464601 0.00199212
  0.45716  0.235591  0.235677 0.0715724
  0.45716  0.235591  0.235677 0.0715724
  0.45716  0.235591  0.235677 0.0715724
   0.984773  0.00758794  0.00758462 5.42743e-05
 0.676012   0.15019  0.150303 0.0234954
 0.721972  0.130402  0.130498 0.0171281
1.14159e-10    0.500002    0.499998 7.91632e-11
   0.981401  0.00926117  0.00925684 8.05214e-05
  0.929679  0.0346062  0.0346114 0.00110325
  0.45716  0.235591  0.235677 0.0715724
  0.45716  0.235591  0.235677 0.0715724
2.06243e-15         0.5         0.5 2.05526e-15
  0.979076  0.0104138  0.0104088 0.00010157
1.74525e-10    0.499995    0.500005 1.63953e-09
  0.867317  0.0643948  0.0644213 0.00386706
 0.865253 0.0119267 0.0118987  0.110922
0.0372683   0.46924  0.469244 0.0242479
  0.888653   0.054298  0.0543165 0.00273209
   0.993589  0.00320112  0.00320009 9.81986e-06
  0.929977  0.0344618  0.0344669 0.00109406
0.116569 0.256417 0.256202 0.370813
0.0664146  0.447551  0.447566 0.0384686
   0.985361  0.00729599  0.00729284 5.02182e-05
   0.937211   0.0309516   0.0309547 0.000882698
  0.45716  0.235591  0.235677 0.0715724
   0.935214   0.0319217   0.0319253 0.000938801
  0.844663  0.0750051  0.0750407 0.00529116
  0.45716  0.235591  0.235677 0.0715724
4.05356e-09    0.499975    0.500025 4.42223e-09
1.43754e-10    0.500002    0.499998 9.98378e-11
   0.969544   0.0151237   0.0151197 0.000212659
1.03597e-07    0.500074    0.499926 2.36737e-10
  0.918336   0.040087  0.0400956 0.00148126
 0.64043 0.109255  0.10933 0.140984
   0.994373  0.00280999  0.00280914 7.58362e-06
   0.982365  0.00878319  0.00877916 7.25027e-05
  0.90573 0.0461454 0.0461581 0.0019661
 0.167784  0.378266  0.378311 0.0756392
 0.764658  0.111539  0.111612 0.0121909
4.11038e-10    0.500005    0.499995 2.51169e-10
  0.45716  0.235591  0.235677 0.0715724
  0.45716  0.235591  0.235677 0.0715724
  0.45716  0.235591  0.235677 0.0715724
   0.998253 0.000873057 0.000872892 7.43969e-07
  0.45716  0.235591  0.235677 0.0715724
  0.946138  0.0266042   0.026605 0.00065277
   0.999998 1.18827e-06 1.18827e-06 1.41063e-12
1.31002e-12         0.5         0.5 9.80487e-13
  0.45716  0.235591  0.235677 0.0715724
   0.976396   0.0117398    0.011735 0.000128767
  0.45716  0.235591  0.235677 0.0715724
  0.45716  0.235591  0.235677 0.0715724
0.0122388  0.489191   0.48919 0.0093801
0.00273699   0.497435   0.497435 0.00239275
  0.45716  0.235591  0.235677 0.0715724
  0.927686  0.0355712  0.0355769 0.00116567
0.0184872  0.131021   0.13092  0.719572
  0.45716  0.235591  0.235677 0.0715724
  0.45716  0.235591  0.235677 0.0715724
  0.45716  0.235591  0.235677 0.0715724
    0.99248  0.00375368   0.0037524 1.34646e-05
  0.45716  0.235591  0.235677 0.0715724
  0.45716  0.235591  0.235677 0.0715724
   0.985965  0.00699583  0.00699285 4.62106e-05
   0.987758  0.00610458   0.0061021 3.52828e-05
3.42786e-09    0.499979    0.500021 3.75456e-09
  0.45716  0.235591  0.235677 0.0715724
  0.45716  0.235591  0.235677 0.0715724
   0.998141 0.000929401 0.000929221 8.42507e-07
 0.532892  0.207891  0.207994 0.0512221
  0.45716  0.235591  0.235677 0.0715724
  0.45716  0.235591  0.235677 0.0715724
  0.45716  0.235591  0.235677 0.0715724
 1.9635e-05     0.49998     0.49998 1.93983e-05
1.23694e-09    0.500005    0.499995 3.72011e-10
  0.45716  0.235591  0.235677 0.0715724
   0.999925 3.73537e-05 3.73521e-05 1.38781e-09
 0.590106  0.185594  0.185705 0.0385948
  0.45716  0.235591  0.235677 0.0715724
  0.45716  0.235591  0.235677 0.0715724
0.0291904  0.475501  0.475501  0.019808
   0.972175   0.0138258   0.0138215 0.000178024
  0.45716  0.235591  0.235677 0.0715724
  0.870714   0.062794  0.0628192 0.00367306
0.0186785   0.48388   0.48388 0.0135613
  0.45716  0.235591  0.235677 0.0715724
  0.45716  0.235591  0.235677 0.0715724
0.00612004   0.494422   0.494422 0.00503632
  0.45716  0.235591  0.235677 0.0715724
  0.45716  0.235591  0.235677 0.0715724
 0.807463 0.0921775 0.0922295 0.0081297
  0.45716  0.235591  0.235677 0.0715724
 0.773671  0.107499  0.107567 0.0112633
0.311394 0.288963  0.28904 0.110603
  0.45716  0.235591  0.235677 0.0715724
 1.2917e-09    0.499982    0.500018 3.32234e-09
1.80733e-10    0.500004    0.499996 5.59376e-10
  0.45716  0.235591  0.235677 0.0715724
   0.999464 0.000268018 0.000267988 7.08358e-08
  0.45716  0.235591  0.235677 0.0715724
  0.928017   0.035411  0.0354166 0.00115519
  0.45716  0.235591  0.235677 0.0715724
  0.45716  0.235591  0.235677 0.0715724
  0.45716  0.235591  0.235677 0.0715724
  0.932826  0.0330808  0.0330851 0.00100815
 0.714299  0.133743  0.133844 0.0181133
  0.830675  0.0814994   0.081541 0.00628485
 0.874103 0.0611941  0.061218 0.0034845
  0.45716  0.235591  0.235677 0.0715724
  0.45716  0.235591  0.235677 0.0715724
  0.45716  0.235591  0.235677 0.0715724
   0.942095   0.0285752    0.028577 0.000752666
   0.995491  0.00225222  0.00225158 4.88919e-06
   0.972523    0.013654   0.0136497 0.000173669
  0.45716  0.235591  0.235677 0.0715724
  0.45716  0.235591  0.235677 0.0715724
  0.811448  0.0903533  0.0904035 0.00779544
   0.994578  0.00270765  0.00270684 7.04561e-06
2.91717e-10    0.500004    0.499996 1.87689e-10
4.94402e-09    0.499968    0.500032 5.40758e-09
  0.45716  0.235591  0.235677 0.0715724
 0.786139  0.101877  0.101939 0.0100443
   0.997847  0.00107583  0.00107561 1.12698e-06
  0.45716  0.235591  0.235677 0.0715724
   0.995659  0.00216859  0.00216799 4.53552e-06
  0.903254  0.0473315   0.047345 0.00206937
0.0814891  0.436743  0.436763 0.0450049
 0.797492 0.0967265 0.0967832 0.0089985
  0.45716  0.235591  0.235677 0.0715724
   0.969308   0.0152401   0.0152362 0.000215916
  0.45716  0.235591  0.235677 0.0715724
   0.968262   0.0157557    0.015752 0.000230634
  0.45716  0.235591  0.235677 0.0715724
  0.45716  0.235591  0.235677 0.0715724
   0.997874  0.00106244  0.00106222 1.09926e-06
   0.994864  0.00256535  0.00256459 6.33008e-06
  0.20765  0.352653  0.352708 0.0869888
  0.879532  0.0586265  0.0586483 0.00319298
 0.861886 0.0130332 0.0130057  0.112076
  0.45716  0.235591  0.235677 0.0715724
  0.45716  0.235591  0.235677 0.0715724
  0.45716  0.235591  0.235677 0.0715724
   0.941738   0.0287492   0.0287511 0.000761832
1.03093e-10    0.499997    0.500003 1.45008e-09
  0.45716  0.235591  0.235677 0.0715724
 0.565185  0.195441  0.195549 0.0438249
   0.999981 9.38015e-06 9.37996e-06 8.77487e-11
4.24502e-12         0.5         0.5 3.34568e-12
  0.45716  0.235591  0.235677 0.0715724
  0.45716  0.235591  0.235677 0.0715724
   0.996512  0.00174272  0.00174228 2.93857e-06
3.90529e-11    0.500001    0.499999 3.06009e-11
  0.45716  0.235591  0.235677 0.0715724
  0.45716  0.235591  0.235677 0.0715724
   0.958188   0.0207088   0.0207069 0.000396672
  0.45716  0.235591  0.235677 0.0715724
  0.45716  0.235591  0.235677 0.0715724
   0.972937   0.0134495   0.0134451 0.000168554
  0.45716  0.235591  0.235677 0.0715724
 0.714149  0.133809   0.13391 0.0181328
0.654868 0.102164  0.10223 0.140738
  0.45716  0.235591  0.235677 0.0715724
 0.127585  0.404904  0.404938 0.0625737
   0.947227   0.0260729   0.0260734 0.000627068
  0.45716  0.235591  0.235677 0.0715724
 0.757868   0.11457  0.114646 0.0129158
7.7343e-09    0.49992    0.50008 1.5499e-08
  0.925995  0.0363896  0.0363959 0.00121999
  0.885209 0.00591501 0.00588698   0.102989
3.27267e-09 5.73962e-05 5.73931e-05    0.999885
   0.995569  0.00221343  0.00221282 4.72354e-06
    0.95005   0.0246937   0.0246936 0.000562784
0.0963948  0.426267  0.426292 0.0510463
 0.557515   0.19843  0.198537 0.0455172
4.20429e-09    0.499958    0.500042 7.04366e-09
  0.45716  0.235591  0.235677 0.0715724
   0.991173  0.00440489   0.0044033 1.84871e-05
  0.45716  0.235591  0.235677 0.0715724
  0.45716  0.235591  0.235677 0.0715724
0.386305 0.245199 0.245288 0.123209
3.20294e-10    0.500005    0.499995 4.13974e-10
 0.781923  0.103782  0.103847 0.0104482
   0.970341   0.0147308   0.0147268 0.000201852
   0.983653  0.00814417  0.00814052 6.24328e-05
 0.767581 0.0499553 0.0499625  0.132501
  0.45716  0.235591  0.235677 0.0715724
   0.997928  0.00103539  0.00103518 1.04431e-06
   0.970627   0.0145893   0.0145852 0.000198029
0.00522356    0.49521   0.495209 0.00435743
  0.45716  0.235591  0.235677 0.0715724
  0.45716  0.235591  0.235677 0.0715724
 0.118214  0.411251  0.411282 0.0592531
  0.825128  0.0840622  0.0841063 0.00670332
 0.555131  0.199355  0.199462 0.0460512
  0.902194  0.0478391  0.0478529 0.00211441
  0.45716  0.235591  0.235677 0.0715724
0.000167964    0.499835    0.499835 0.000162176
   0.933857   0.0325805   0.0325845 0.000977907
  0.45716  0.235591  0.235677 0.0715724
   0.999704 0.000148096 0.000148083 2.17027e-08
  0.905954  0.0460383  0.0460509 0.00195691
   0.967563      0.0161   0.0160963 0.000240729
   0.978536   0.0106812   0.0106762 0.000106796
   0.984465  0.00774091   0.0077375 5.64617e-05
 0.480242  0.227385  0.227476 0.0648971
3.35949e-10    0.500005    0.499995 4.01198e-10
  0.45716  0.235591  0.235677 0.0715724
   0.996533   0.0017324  0.00173197 2.90413e-06
  0.45716  0.235591  0.235677 0.0715724
  0.45716  0.235591  0.235677 0.0715724
  0.45716  0.235591  0.235677 0.0715724
  0.45716  0.235591  0.235677 0.0715724
 0.787548 0.0414439 0.0414418  0.129566
  0.45716  0.235591  0.235677 0.0715724
   0.947696    0.025844   0.0258444 0.000616154
1.29789e-09    0.499999    0.500001 1.17253e-09
2.68382e-05  0.00530704   0.0053051    0.989361
  0.45716  0.235591  0.235677 0.0715724
   0.999341 0.000329574 0.000329534 1.06957e-07
  0.45716  0.235591  0.235677 0.0715724
7.36322e-09    0.499916    0.500084 1.51003e-08
  0.45716  0.235591  0.235677 0.0715724
   0.934769    0.032138   0.0321418 0.000951552
0.0378141  0.176635  0.176493  0.609057
  0.816774  0.0879093  0.0879571 0.00736009
  0.45716  0.235591  0.235677 0.0715724
   0.960051   0.0197942   0.0197919 0.000362645
4.82115e-10    0.500006    0.499994 2.91396e-10
  0.45716  0.235591  0.235677 0.0715724
    0.98662  0.00667036  0.00666756 4.20512e-05
 1.0054e-11         0.5         0.5 7.88935e-12
  0.931001  0.0339657  0.0339705 0.00106278
  0.807721  0.0920597  0.0921116 0.00810787
5.45686e-09    0.499946    0.500054 9.08218e-09
  0.45716  0.235591  0.235677 0.0715724
   0.993017  0.00348613  0.00348497 1.16289e-05
  0.796244  0.0972941  0.0973514 0.00911048
  0.45716  0.235591  0.235677 0.0715724
  0.45716  0.235591  0.235677 0.0715724
  0.45716  0.235591  0.235677 0.0715724
0.0891961  0.238513  0.238314  0.433977
1.38891e-09    0.499997    0.500003 1.34586e-09
   0.977291   0.0112971   0.0112923 0.000119332
  0.45716  0.235591  0.235677 0.0715724
  0.45716  0.235591  0.235677 0.0715724
0.0956017   0.42682  0.426844 0.0507343
   0.960407   0.0196194   0.0196171 0.000356317
  0.45716  0.235591  0.235677 0.0715724
   0.996582  0.00170799  0.00170757 2.82344e-06
  0.45716  0.235591  0.235677 0.0715724
  0.45716  0.235591  0.235677 0.0715724
  0.45716  0.235591  0.235677 0.0715724
  0.45716  0.235591  0.235677 0.0715724
  0.45716  0.235591  0.235677 0.0715724
  0.45716  0.235591  0.235677 0.0715724
0.421201 0.225386  0.22548 0.127933
 0.901666 0.0480916 0.0481056  0.002137
 0.616844   0.17481  0.174923 0.0334232
   0.986539  0.00671046  0.00670764 4.25532e-05
6.08111e-08    0.500053    0.499947 3.48709e-09
   0.980044  0.00993429  0.00992954 9.25192e-05
   0.979066   0.0104187   0.0104137 0.000101664
 0.735381  0.124526  0.124615 0.0154788
  0.903219 0.00168619 0.00166539  0.0934293
 0.748087  0.118916  0.118998 0.0139998
0.0288799   0.15843  0.158305  0.654385
 6.1069e-11    0.500001    0.499999 4.43054e-11
  0.45716  0.235591  0.235677 0.0715724
  0.45716  0.235591  0.235677 0.0715724
  0.884932  0.0560663  0.0560862 0.00291578
 5.9844e-09     0.49996     0.50004 6.66133e-09
  0.45716  0.235591  0.235677 0.0715724
   0.970249   0.0147762   0.0147721 0.000203085
0.0216091  0.481513  0.481512 0.0153657
0.677279 0.091317 0.091371 0.140033
5.44597e-08    0.500047    0.499953 4.10471e-09
 0.705771  0.137439  0.137546 0.0192442
  0.911771  0.0432467  0.0432573 0.00172526
0.000559327   0.0244501    0.024436    0.950555
    0.94162   0.0288068   0.0288087 0.000764876
  0.45716  0.235591  0.235677 0.0715724
 0.801256  0.095012 0.0950669 0.0086651
2.32387e-10    0.500004    0.499996 4.97377e-10
5.78023e-08     0.50005     0.49995 3.76189e-09
0.0536077  0.456934  0.456944 0.0325146
 0.587564  0.186607  0.186718 0.0391099
  0.62173  0.172815  0.172929 0.0325257
0.000966727    0.499071    0.499071 0.000890544
0.442438 0.213503 0.213599  0.13046
   0.82123   0.085859  0.0859048 0.00700576
  0.45716  0.235591  0.235677 0.0715724
  0.45716  0.235591  0.235677 0.0715724
1.25722e-09    0.500006    0.499994 3.40747e-10
0.506013 0.178712 0.178816 0.136459
   0.969401    0.015194   0.0151901 0.000214622
   0.982484  0.00872403  0.00872003 7.15391e-05
4.24046e-05  0.00668332  0.00668067    0.986594
0.000967481    0.499071    0.499071 0.000891212
   0.971549   0.0141346   0.0141304 0.000185988
1.47074e-06  0.00122943  0.00122917     0.99754
   0.994592  0.00270084  0.00270003 7.01051e-06
  0.45716  0.235591  0.235677 0.0715724
1.50736e-09    0.499981    0.500019 3.59099e-09
  0.45716  0.235591  0.235677 0.0715724
  0.45716  0.235591  0.235677 0.0715724
   0.965754    0.016991   0.0169876 0.000267861
  0.45716  0.235591  0.235677 0.0715724
  0.45716  0.235591  0.235677 0.0715724
  0.45716  0.235591  0.235677 0.0715724
 0.757181  0.114876  0.114953 0.0129904
2.17835e-06  0.00149801  0.00149767    0.997002
  0.861546  0.0671083  0.0671371 0.00420827
   0.983322   0.0083086  0.00830485 6.49529e-05
  0.45716  0.235591  0.235677 0.0715724
0.628451 0.115198 0.115279 0.141071
  0.45716  0.235591  0.235677 0.0715724
0.285575 0.304458  0.30453 0.105438
0.000293028    0.499714    0.499714  0.00027984
  0.45716  0.235591  0.235677 0.0715724
   0.990528  0.00472627  0.00472451 2.12547e-05
   0.985334  0.00730952  0.00730635 5.04027e-05
  0.45716  0.235591  0.235677 0.0715724
   0.939213   0.0299782   0.0299808 0.000828167
  0.907607  0.0452456  0.0452575 0.00188958
2.70807e-10    0.500005    0.499995 4.58174e-10
  0.45716  0.235591  0.235677 0.0715724
   0.945637   0.0268486   0.0268496 0.000664767
   0.999081 0.000459634 0.000459569 2.07487e-07
 0.803823 0.0938408 0.0938945 0.0084415
2.92911e-12         0.5         0.5 2.93998e-12
   0.998292 0.000853564 0.000853404 7.11294e-07
 0.728281  0.127643  0.127735 0.0163406
0.0413589  0.466118  0.466124 0.0263992
  0.45716  0.235591  0.235677 0.0715724
   0.970488   0.0146582   0.0146541 0.000199885
0.448274  0.21026 0.210357 0.131109
2.29871e-10    0.499994    0.500006 1.76161e-09
 0.697668  0.140934  0.141045 0.0203541
  0.45716  0.235591  0.235677 0.0715724
 0.079541  0.438127  0.438146 0.0441859
 0.013669  0.487997  0.487996 0.0103378
 0.815151 0.0301904 0.0301766  0.124482
 0.928937 0.0349657 0.0349711 0.0011263
2.38645e-09    0.499973    0.500027 4.66383e-09
  0.45716  0.235591  0.235677 0.0715724
2.68604e-11         0.5         0.5 2.17505e-11
  0.889483  0.0539036  0.0539218 0.00269199
   0.991996  0.00399504  0.00399364 1.52344e-05
   0.961714   0.0189775   0.0189749 0.000333551
  0.45716  0.235591  0.235677 0.0715724
  8.953e-09    0.499943    0.500057 1.37657e-08
1.20208e-13         0.5         0.5 2.09511e-13
   0.998455 0.000772417 0.000772279 5.83103e-07
  0.45716  0.235591  0.235677 0.0715724
7.11786e-11    0.500001    0.499999 5.11163e-11
   0.999452 0.000274101 0.000274071  7.4077e-08
  0.45716  0.235591  0.235677 0.0715724
 0.675642 0.0921025 0.0921574  0.140098
  0.45716  0.235591  0.235677 0.0715724
   0.992739  0.00362466  0.00362344 1.25628e-05
  0.45716  0.235591  0.235677 0.0715724
 0.799106 0.0959916 0.0960475 0.0088547
  0.45716  0.235591  0.235677 0.0715724
0.0232771  0.480177  0.480176 0.0163694
  0.45716  0.235591  0.235677 0.0715724
0.000207635   0.0148732   0.0148657    0.970053
0.545382 0.157767 0.157874 0.138977
   0.985001  0.00747456  0.00747131 5.26806e-05
0.356677 0.262303 0.262387 0.118633
  0.45716  0.235591  0.235677 0.0715724
  0.45716  0.235591  0.235677 0.0715724
  0.45716  0.235591  0.235677 0.0715724
8.14255e-08 0.000287387 0.000287355    0.999425
   0.82048  0.0862047  0.0862508 0.00706481
   0.959653   0.0199897   0.0199875 0.000369791
   0.956347   0.0216114   0.0216099 0.000431748
   0.966426   0.0166602   0.0166567 0.000257619
  0.45716  0.235591  0.235677 0.0715724
3.56003e-10    0.500005    0.499995 2.21243e-10
0.0104521  0.101413  0.101337  0.786797
  0.946657  0.0263511  0.0263518 0.00064046
  0.45716  0.235591  0.235677 0.0715724
  0.45716  0.235591  0.235677 0.0715724
   0.981807  0.00905994  0.00905573 7.70947e-05
   0.957585   0.0210043   0.0210025 0.000407992
  0.45716  0.235591  0.235677 0.0715724
  0.789737   0.100248   0.100309 0.00970634
  0.45716  0.235591  0.235677 0.0715724
  0.927184  0.0358141    0.03582 0.00118166
1.35401e-09    0.499998    0.500002 1.28302e-09
  0.987827 0.00607017 0.00606771  3.489e-05
  0.45716  0.235591  0.235677 0.0715724
  0.45716  0.235591  0.235677 0.0715724
  0.45716  0.235591  0.235677 0.0715724
0.000215431   0.0151514   0.0151438    0.969489
2.27044e-10    0.500003    0.499997 1.48053e-10
   0.999998 9.04842e-07 9.04841e-07 8.18051e-13
   0.940488   0.0293575   0.0293598 0.000794315
5.35629e-05  0.00751842  0.00751533    0.984913
  0.45716  0.235591  0.235677 0.0715724
 0.851417 0.0166067 0.0165813  0.115395
  0.45716  0.235591  0.235677 0.0715724
  0.45716  0.235591  0.235677 0.0715724
  0.917314  0.0405797  0.0405886 0.00151804
5.30728e-11    0.499998    0.500002 1.26092e-09
  0.857058  0.0692138  0.0692444 0.00448381
 0.646446  0.162618  0.162732 0.0282034
  0.45716  0.235591  0.235677 0.0715724
  0.45716  0.235591  0.235677 0.0715724
  0.45716  0.235591  0.235677 0.0715724
0.00785715   0.492913   0.492913 0.00631655
  0.59535  0.183496  0.183608 0.0375453
  0.45716  0.235591  0.235677 0.0715724
1.19978e-09    0.500001    0.499999 9.18684e-10
  0.45716  0.235591  0.235677 0.0715724
1.18929e-09    0.500004    0.499996 4.76228e-10
0.501956 0.180897    0.181 0.136147
  0.45716  0.235591  0.235677 0.0715724
  0.45716  0.235591  0.235677 0.0715724
1.83926e-05  0.00438665  0.00438515     0.99121
  0.45716  0.235591  0.235677 0.0715724
  0.45716  0.235591  0.235677 0.0715724
0.0260028  0.478011   0.47801 0.0179762
  0.876231  0.0601888  0.0602119 0.00336874
0.438625 0.215627 0.215723 0.130026
    0.98904  0.00546694   0.0054648 2.83587e-05
1.66282e-10    0.500002    0.499998 1.11679e-10
   0.983887  0.00802775  0.00802417 6.06785e-05
6.67937e-09     0.49993     0.50007 1.19478e-08
  0.45716  0.235591  0.235677 0.0715724
   0.995008  0.00249318  0.00249246 5.98172e-06
  0.45716  0.235591  0.235677 0.0715724
  0.45716  0.235591  0.235677 0.0715724
  0.45716  0.235591  0.235677 0.0715724
  0.45716  0.235591  0.235677 0.0715724
 0.190273  0.363728  0.363779 0.0822195
   0.966992   0.0163812   0.0163777 0.000249138
    0.99877 0.000614846 0.000614746  3.7031e-07
   0.998872 0.000563755 0.000563667 3.11578e-07
   0.969708   0.0150427   0.0150387 0.000210408
  0.908137  0.0449916  0.0450034 0.00186828
  0.45716  0.235591  0.235677 0.0715724
  0.45716  0.235591  0.235677 0.0715724
  0.45716  0.235591  0.235677 0.0715724
0.503291 0.180177 0.180281 0.136251
  0.45716  0.235591  0.235677 0.0715724
0.00459194   0.068881  0.0688324   0.857695
  0.45716  0.235591  0.235677 0.0715724
  0.892674  0.0523841  0.0524012 0.00254039
7.85294e-09    0.499923    0.500077 1.52863e-08
 0.664105 0.0976688 0.0977301  0.140496
0.390895 0.242572 0.242662 0.123871
  0.45716  0.235591  0.235677 0.0715724
   0.999976 1.20958e-05 1.20955e-05 1.45859e-10
   0.93054  0.0341893  0.0341943 0.00107682
  0.45716  0.235591  0.235677 0.0715724
   0.966498   0.0166243   0.0166209 0.000256522
  0.45716  0.235591  0.235677 0.0715724
     0.9966  0.00169885  0.00169842 2.79349e-06
   0.967888   0.0159398   0.0159361 0.000236005
  0.45716  0.235591  0.235677 0.0715724
 0.124116  0.407247   0.40728 0.0613578
5.69276e-05    0.499944    0.499944 5.57689e-05
   0.999755 0.000122734 0.000122725 1.49195e-08
0.0238927  0.479686  0.479685 0.0167358
   0.946704   0.0263279   0.0263285 0.000639336
   0.967946   0.0159111   0.0159074 0.000235164
  0.885328  0.0558783  0.0558981 0.00289595
  0.45716  0.235591  0.235677 0.0715724
   0.945517   0.0269074   0.0269084 0.000667669
   0.989556  0.00521018  0.00520818 2.57816e-05
   0.980604  0.00965635  0.00965178 8.74652e-05
  0.982545 0.00869409 0.00869011 7.1054e-05
   0.933487   0.0327599    0.032764 0.000988697
  0.921844   0.038395  0.0384025 0.00135847
   0.999294 0.000352989 0.000352944 1.22632e-07
 0.253902  0.323775   0.32384 0.0984822
2.71214e-12         0.5         0.5 2.11586e-12
0.402788 0.235796 0.235887 0.125529
  0.821255  0.0858477  0.0858935 0.00700383
  0.916214  0.0411092  0.0411184 0.00155809
   0.982857  0.00853921  0.00853532 6.85701e-05
  0.45716  0.235591  0.235677 0.0715724
  0.790679  0.0998211  0.0998811 0.00961882
  0.45716  0.235591  0.235677 0.0715724
   0.969899   0.0149487   0.0149447 0.000207812
0.0151052  0.486807  0.486806 0.0112818
   0.949541   0.0249427   0.0249427 0.000574129
2.84466e-10    0.500005    0.499995 4.45339e-10
 4.4111e-09    0.499972    0.500028 4.81109e-09
   0.954562   0.0224858   0.0224846 0.000467149
   0.955488   0.0220326   0.0220312 0.000448627
  0.45716  0.235591  0.235677 0.0715724
  0.45716  0.235591  0.235677 0.0715724
  0.45716  0.235591  0.235677 0.0715724
   0.947625   0.0258785   0.0258789 0.000617793
  0.45716  0.235591  0.235677 0.0715724
  0.45716  0.235591  0.235677 0.0715724
  0.45716  0.235591  0.235677 0.0715724
   0.981669  0.00912854   0.0091243 7.82546e-05
  0.822612  0.0852224  0.0852675 0.00689773
  0.45716  0.235591  0.235677 0.0715724
   0.978548   0.0106753   0.0106703 0.000106679
  0.45716  0.235591  0.235677 0.0715724
   0.963023   0.0183342   0.0183313 0.000311492
 0.748578  0.118698  0.118779 0.0139441
0.0216479  0.481482  0.481481 0.0153892
  0.45716  0.235591  0.235677 0.0715724
  0.45716  0.235591  0.235677 0.0715724
  0.45716  0.235591  0.235677 0.0715724
  0.45716  0.235591  0.235677 0.0715724
   0.997497  0.00125104  0.00125077 1.52113e-06
  0.908353   0.044888  0.0448998 0.00185962
3.89771e-09    0.499976    0.500024 4.25478e-09
  0.45716  0.235591  0.235677 0.0715724
  0.86621 0.0116162 0.0115881  0.110586
4.17339e-09    0.499974    0.500026 4.55175e-09
  0.45716  0.235591  0.235677 0.0715724
 0.699153  0.140295  0.140405 0.0201481
   0.975613   0.0121272   0.0121225 0.000137317
  0.45716  0.235591  0.235677 0.0715724
6.14782e-05  0.00805922  0.00805583    0.983823
  0.45716  0.235591  0.235677 0.0715724
  0.947857  0.0257652  0.0257655 0.00061242
   0.997319  0.00133986  0.00133955 1.74324e-06
   0.999964 1.79088e-05 1.79083e-05 3.19527e-10
   0.998301  0.00084921 0.000849052 7.04096e-07
 0.181005   0.36969  0.369739 0.0795655
0.000235018     0.49977     0.49977   0.0002255
7.93369e-09    0.499942    0.500057 9.63675e-09
2.51489e-10    0.500005    0.499995 4.77272e-10
 0.719475 0.0714769 0.0715083   0.13754
  0.45716  0.235591  0.235677 0.0715724
  0.59191  0.184873  0.184985 0.0382319
  0.995524 0.00223584 0.00223522 4.8189e-06
0.000912323   0.0312064   0.0311875    0.936694
  0.834581  0.0796904  0.0797303 0.00599851
0.000527228    0.499488    0.499488 0.000495889
0.0853528  0.434009   0.43403 0.0466084
  0.45716  0.235591  0.235677 0.0715724
1.10941e-05  0.00340008  0.00339901     0.99319
  0.45716  0.235591  0.235677 0.0715724
  0.45716  0.235591  0.235677 0.0715724
   0.984861  0.00754409   0.0075408 5.36552e-05
  0.918793  0.0398667  0.0398752 0.00146496
  0.45716  0.235591  0.235677 0.0715724
  0.45716  0.235591  0.235677 0.0715724
  0.45716  0.235591  0.235677 0.0715724
1.42385e-09    0.499997    0.500003  1.4055e-09
  0.45716  0.235591  0.235677 0.0715724
   0.82961  0.0819918  0.0820339 0.00636409
0.00152712   0.498547   0.498547  0.0013789
  0.45716  0.235591  0.235677 0.0715724
  0.45716  0.235591  0.235677 0.0715724
  0.45716  0.235591  0.235677 0.0715724
  0.45716  0.235591  0.235677 0.0715724
  0.895073  0.0512405  0.0512567 0.00242934
 0.100102  0.423691  0.423717 0.0524908
0.00977377  0.0983275  0.0982542   0.793645
  0.45716  0.235591  0.235677 0.0715724
6.48353e-08    0.500056    0.499944 3.16279e-09
  0.45716  0.235591  0.235677 0.0715724
2.85894e-09    0.499984    0.500016 3.14947e-09
6.41083e-07 0.000809851 0.000809708     0.99838
  0.45716  0.235591  0.235677 0.0715724
     0.9811  0.00941055  0.00940613 8.31127e-05
 9.0768e-11    0.500001    0.499999 6.40649e-11
0.643358 0.107811 0.107884 0.140947
  0.45716  0.235591  0.235677 0.0715724
 0.929049 0.0349114 0.0349168 0.0011228
   0.992387  0.00380018  0.00379887 1.37971e-05
  0.45716  0.235591  0.235677 0.0715724
  0.45716  0.235591  0.235677 0.0715724
  0.45716  0.235591  0.235677 0.0715724
   0.943589   0.0278473   0.0278487 0.000714935
  0.916734  0.0408587  0.0408678 0.00153908
0.410017 0.231697 0.231789 0.126496
 0.723182  0.129874  0.129969 0.0169755
  0.45716  0.235591  0.235677 0.0715724
 0.221012  0.344224  0.344281 0.0904826
  0.45716  0.235591  0.235677 0.0715724
  0.45716  0.235591  0.235677 0.0715724
   0.977576   0.0111565   0.0111516 0.000116409
  0.45716  0.235591  0.235677 0.0715724
  0.45716  0.235591  0.235677 0.0715724
  0.45716  0.235591  0.235677 0.0715724
    0.97953   0.0101888   0.0101839 9.72709e-05
    0.98443   0.0077582  0.00775478 5.67116e-05
0.0147206  0.487125  0.487124 0.0110307
  0.45716  0.235591  0.235677 0.0715724
   0.937606   0.0307596   0.0307626 0.000871799
   0.983475  0.00823254  0.00822884 6.37811e-05
0.0247089  0.479037  0.479036 0.0172184
 0.927152 0.0358298 0.0358357 0.0011827
  0.904881  0.0465526  0.0465655 0.00200124
 0.164244  0.380577  0.380621 0.0745586
  0.45716  0.235591  0.235677 0.0715724
  0.45716  0.235591  0.235677 0.0715724
  0.45716  0.235591  0.235677 0.0715724
  0.45716  0.235591  0.235677 0.0715724
 0.102334  0.422144  0.422171 0.0533505
 0.017903  0.484512  0.484511 0.0130744
     0.804  0.0937601  0.0938137 0.00842622
0.00907362  0.0950038  0.0949334   0.800989
 0.744401  0.120547  0.120631 0.0144205
   0.974768   0.0125447   0.0125401 0.000146837
0.383408  0.24686 0.246948 0.122784
  0.45716  0.235591  0.235677 0.0715724
1.77275e-20 1.33145e-10 1.33145e-10           1
  0.835593  0.0792212  0.0792607 0.00592546
  0.863515  0.0661835  0.0662114 0.00409022
   0.992928  0.00353074  0.00352956 1.19257e-05
1.25012e-09    0.500006    0.499994 3.51145e-10
  0.45716  0.235591  0.235677 0.0715724
  0.914409  0.0419781  0.0419879 0.00162498
0.00662378   0.493982   0.493982 0.00541211
  0.45716  0.235591  0.235677 0.0715724
  0.45716  0.235591  0.235677 0.0715724
   0.990714  0.00463367  0.00463196 2.04377e-05
    0.99905 0.000475115 0.000475047 2.21637e-07
   0.996648  0.00167505  0.00167463 2.71631e-06
  0.45716  0.235591  0.235677 0.0715724
9.64151e-05    0.499905    0.499905 9.38767e-05
   0.999083  0.00045824 0.000458175 2.06236e-07
   0.998669 0.000665532 0.000665421 4.33548e-07
  0.45716  0.235591  0.235677 0.0715724
  0.45716  0.235591  0.235677 0.0715724
5.07682e-11    0.499998    0.500002 1.24908e-09
  0.45716  0.235591  0.235677 0.0715724
  0.45716  0.235591  0.235677 0.0715724
  0.45716  0.235591  0.235677 0.0715724
  1.237e-09    0.500005    0.499995 3.71914e-10
   0.999526 0.000236934 0.000236909 5.54021e-08
  0.45716  0.235591  0.235677 0.0715724
   0.945334   0.0269966   0.0269975 0.000672082
8.72922e-11    0.500001    0.499999 6.36212e-11
 0.707589  0.136653  0.136758 0.0189999
  0.45716  0.235591  0.235677 0.0715724
  0.45716  0.235591  0.235677 0.0715724
  0.45716  0.235591  0.235677 0.0715724
   0.992916  0.00353653  0.00353535 1.19646e-05
 0.783098  0.103252  0.103316 0.0103348
  0.45716  0.235591  0.235677 0.0715724
  0.45716  0.235591  0.235677 0.0715724
3.03707e-10    0.499993    0.500007 1.90676e-09
  0.45716  0.235591  0.235677 0.0715724
 0.973828 0.0130092 0.0130047 0.0001578
  0.45716  0.235591  0.235677 0.0715724
    0.99891  0.00054489 0.000544806 2.91164e-07
 0.603386  0.180266  0.180378 0.0359708
0.000552482    0.499464    0.499464 0.000518913
3.66188e-09    0.499978    0.500022 4.00307e-09
  0.45716  0.235591  0.235677 0.0715724
  0.45716  0.235591  0.235677 0.0715724
  0.857704  0.0689112  0.0689415 0.00444363
  0.45716  0.235591  0.235677 0.0715724
   0.949336   0.0250427   0.0250427 0.000578717
  0.920794  0.0389016  0.0389094 0.00139465
  0.45716  0.235591  0.235677 0.0715724
  0.45716  0.235591  0.235677 0.0715724
1.19952e-10    0.500003    0.499997 6.54145e-10
   0.989961   0.0050084   0.0050065 2.38415e-05
 0.570326  0.193426  0.193535 0.0427128
  0.45716  0.235591  0.235677 0.0715724
  0.45716  0.235591  0.235677 0.0715724
  0.45716  0.235591  0.235677 0.0715724
  0.45716  0.235591  0.235677 0.0715724
0.0227722  0.480581   0.48058 0.0160672
  0.922395  0.0381289  0.0381362 0.00133965
 0.729998   0.12689  0.126982 0.0161299
  0.45716  0.235591  0.235677 0.0715724
  0.45716  0.235591  0.235677 0.0715724
   0.996353  0.00182207   0.0018216 3.21019e-06
  0.902881  0.0475102  0.0475238 0.00208517
  0.45716  0.235591  0.235677 0.0715724
   0.998459 0.000770352 0.000770214 5.80006e-07
  0.45716  0.235591  0.235677 0.0715724
   0.999773 0.000113696 0.000113687 1.28075e-08
3.69975e-08    0.500022    0.499978 6.86735e-09
  0.45716  0.235591  0.235677 0.0715724
  0.45716  0.235591  0.235677 0.0715724
   0.973535   0.0131539   0.0131494 0.000161295
  0.45716  0.235591  0.235677 0.0715724
  0.45716  0.235591  0.235677 0.0715724
   0.984956  0.00749716  0.00749389 5.29964e-05
   0.954578   0.0224782    0.022477 0.000466835
  0.45716  0.235591  0.235677 0.0715724
  0.45716  0.235591  0.235677 0.0715724
   0.981091  0.00941515  0.00941073 8.31932e-05
 0.654825  0.159121  0.159235 0.0268189
  0.45716  0.235591  0.235677 0.0715724
   0.947934   0.0257274   0.0257278 0.000610637
  0.856252  0.0695914  0.0696223 0.00453423
2.67559e-05  0.00529884   0.0052969    0.989378
   0.952714   0.0233907   0.0233899 0.000505262
   0.936503   0.0312957    0.031299 0.000902396
6.89293e-11    0.500002    0.499998  7.7278e-10
4.44879e-09    0.499972    0.500028 4.85254e-09
 0.748133  0.118896  0.118977 0.0139946
3.70947e-11    0.500001    0.499999 9.12233e-10
  0.45716  0.235591  0.235677 0.0715724
  0.45716  0.235591  0.235677 0.0715724
  0.45716  0.235591  0.235677 0.0715724
   0.991257  0.00436325  0.00436167 1.81424e-05
0.00143863   0.498629   0.498629 0.00130272
   0.999676 0.000162154  0.00016214 2.60064e-08
  0.45716  0.235591  0.235677 0.0715724
  0.928681  0.0350898  0.0350953 0.00113431
  0.904955  0.0465168  0.0465297 0.00199814
  0.45716  0.235591  0.235677 0.0715724
4.21541e-11    0.500001    0.499999 3.12759e-11
   0.964469   0.0176228   0.0176197 0.000287976
0.621231 0.118805  0.11889 0.141074
 0.666737 0.0963944 0.0964543  0.140415
1.27569e-10    0.500002    0.499998 8.76655e-11
  0.45716  0.235591  0.235677 0.0715724
 0.719873  0.131317  0.131415 0.0173945
  0.45716  0.235591  0.235677 0.0715724
  0.980548 0.00968441 0.00967982 8.7969e-05
    0.93978   0.0297025   0.0297049 0.000813039
  0.45716  0.235591  0.235677 0.0715724
4.55213e-09    0.499954    0.500046 7.56111e-09
0.0028147 0.0543699  0.054333  0.888482
0.0174778  0.484859  0.484858 0.0128056
   0.89465  0.0514424  0.0514588 0.00244876
   0.967969   0.0158999   0.0158962 0.000234836
 0.110775  0.416332  0.416361 0.0565327
 0.838675 0.0777907 0.0778289 0.0057058
   0.999121 0.000439469 0.000439408 1.89752e-07
  0.45716  0.235591  0.235677 0.0715724
  0.45716  0.235591  0.235677 0.0715724
7.51848e-07 0.000877386 0.000877225    0.998245
  0.45716  0.235591  0.235677 0.0715724
2.55943e-08    0.500023    0.499977 5.75923e-09
  0.45716  0.235591  0.235677 0.0715724
  0.45716  0.235591  0.235677 0.0715724
0.000306052    0.499701    0.499701 0.000291989
  0.45716  0.235591  0.235677 0.0715724
 2.4714e-08 0.000158053 0.000158039    0.999684
  0.45716  0.235591  0.235677 0.0715724
9.08329e-06    0.499991    0.499991 9.00858e-06
0.0971526   0.42574  0.425764 0.0513434
1.51914e-08     0.49999     0.50001 9.28919e-09
3.65697e-10    0.499992    0.500008 2.01844e-09
   0.934275   0.0323774   0.0323813 0.000965767
  0.45716  0.235591  0.235677 0.0715724
0.602065 0.128467 0.128564 0.140904
  0.45716  0.235591  0.235677 0.0715724
  0.850692  0.0721923  0.0722254 0.00488991
  0.45716  0.235591  0.235677 0.0715724
   0.963932    0.017887    0.017884 0.000296602
  0.810823  0.0906397  0.0906901 0.00784739
   0.961184   0.0192378   0.0192353 0.000342692
  0.45716  0.235591  0.235677 0.0715724
 0.902744 0.0475759 0.0475895  0.002091
5.83657e-09    0.499961    0.500039 6.47393e-09
  0.913494  0.0424181  0.0424282 0.00165941
   0.999637 0.000181674 0.000181657 3.26243e-08
  0.45716  0.235591  0.235677 0.0715724
  0.45716  0.235591  0.235677 0.0715724
0.630006 0.114424 0.114504 0.141066
  0.45716  0.235591  0.235677 0.0715724
0.0208621  0.482114  0.482113 0.0149108
   0.996817  0.00159047  0.00159009 2.45072e-06
    0.98085  0.00953438  0.00952989 8.52917e-05
 0.514582  0.214788  0.214887 0.0557431
 5.3866e-09    0.499965    0.500035 5.92378e-09
  0.787271   0.101365   0.101427 0.00993732
  0.805305  0.0931639   0.093217 0.00831381
0.0043512  0.067124 0.0670768  0.861448
  0.45716  0.235591  0.235677 0.0715724
7.51045e-05  0.00891465  0.00891078    0.982099
  0.45716  0.235591  0.235677 0.0715724
   0.997093  0.00145287  0.00145253 2.04753e-06
  0.45716  0.235591  0.235677 0.0715724
1.38426e-11         0.5         0.5 1.07765e-11
0.0204039  0.482483  0.482483 0.0146302
 0.236509  0.334538  0.334599 0.0943547
1.49344e-11         0.5         0.5 1.15997e-11
  0.45716  0.235591  0.235677 0.0715724
0.127085 0.261668 0.261448   0.3498
8.43902e-11    0.500001    0.499999 6.17002e-11
2.65146e-10    0.500004    0.499996 1.70184e-10
   0.962457   0.0186126   0.0186098 0.000320947
 7.1868e-09    0.499921    0.500079 1.39516e-08
0.0207157  0.482232  0.482231 0.0148213
   0.993134  0.00342783   0.0034267 1.12466e-05
   0.944394   0.0274549   0.0274561 0.000695004
  0.81679 0.0295439 0.0295295  0.124136
    0.96876   0.0155102   0.0155064 0.000223565
6.04155e-13         0.5         0.5 4.12953e-13
   0.999861 6.92798e-05 6.92758e-05 4.76488e-09
  0.45716  0.235591  0.235677 0.0715724
   0.994762  0.00261632  0.00261554 6.58201e-06
  0.45716  0.235591  0.235677 0.0715724
 0.0106916   0.490493   0.490493 0.00832215
   0.954863   0.0223387   0.0223374 0.000461095
  0.45716  0.235591  0.235677 0.0715724
  0.45716  0.235591  0.235677 0.0715724
0.0995567  0.246103  0.245898  0.408442
8.48532e-09    0.499936    0.500064 1.07835e-08
   0.952923   0.0232883   0.0232875 0.000500873
1.27731e-09    0.499999    0.500001 1.12793e-09
  0.45716  0.235591  0.235677 0.0715724
  0.45716  0.235591  0.235677 0.0715724
 0.167504  0.378448  0.378493 0.0755543
  0.849021  0.0729727  0.0730065 0.00499949
  0.45716  0.235591  0.235677 0.0715724
  0.800908  0.0951708  0.0952259 0.00869568
 0.0114705   0.489836   0.489836 0.00885769
 0.218516  0.345793   0.34585 0.0898411
0.544541  0.15821 0.158317 0.138933
  0.74303  0.060776 0.0607952  0.135399
   0.989709  0.00513374  0.00513177 2.50378e-05
  0.45716  0.235591  0.235677 0.0715724
   0.961723   0.0189733   0.0189707 0.000333407
  0.45716  0.235591  0.235677 0.0715724
0.307617 0.291216 0.291292 0.109875
  0.45716  0.235591  0.235677 0.0715724
  0.45716  0.235591  0.235677 0.0715724
1.41372e-09    0.499981    0.500019 3.47495e-09
   0.957053   0.0212654   0.0212637 0.000418126
  0.45716  0.235591  0.235677 0.0715724
4.52299e-10    0.500006    0.499994 2.75684e-10
   0.992467  0.00376022  0.00375894 1.35111e-05
  0.882132  0.0573945  0.0574154 0.00305792
   0.985348  0.00730235   0.0072992 5.03049e-05
   0.969031   0.0153767   0.0153728 0.000219766
 0.835894 0.0222206 0.0221995  0.119686
 2.5532e-10    0.500003    0.499997 1.64521e-10
   0.985297  0.00732784  0.00732467 5.06531e-05
  0.66433   0.15513  0.155244 0.0252968
  0.66956  0.152923  0.153037 0.0244809
   0.998897 0.000551588 0.000551503 2.98334e-07
 0.840347 0.0770137 0.0770511 0.0055884
9.37869e-11    0.500001    0.499999 6.78964e-11
  0.45716  0.235591  0.235677 0.0715724
   0.996215  0.00189104  0.00189054 3.45594e-06
    0.96518   0.0172732     0.01727 0.000276756
   0.992103   0.0039416  0.00394023 1.48333e-05
  0.45716  0.235591  0.235677 0.0715724
  0.45716  0.235591  0.235677 0.0715724
  0.45716  0.235591  0.235677 0.0715724
3.35768e-08    0.500014    0.499986 7.71368e-09
 0.775294  0.106769  0.106837 0.0111004
7.37773e-09    0.499948    0.500052 8.66066e-09
1.67409e-08    0.499918    0.500082 1.63879e-08
   0.994287  0.00285283  0.00285196 7.81462e-06
  0.910147  0.0440265  0.0440376 0.00178844
  0.45716  0.235591  0.235677 0.0715724
   0.983284  0.00832747  0.00832371 6.52451e-05
2.95605e-11         0.5         0.5 1.06008e-09
  0.45716  0.235591  0.235677 0.0715724
   0.970948   0.0144309   0.0144268 0.000193792
   0.962192   0.0187424   0.0187397 0.000325404
  0.45716  0.235591  0.235677 0.0715724
  0.908017   0.045049  0.0450608 0.00187308
  0.45716  0.235591  0.235677 0.0715724
  0.880566  0.0581368  0.0581583 0.00313893
  0.874184  0.0611561  0.0611799 0.00348008
  0.45716  0.235591  0.235677 0.0715724
  0.45716  0.235591  0.235677 0.0715724
  0.45716  0.235591  0.235677 0.0715724
   0.982374  0.00877877  0.00877474 7.24305e-05
0.525639 0.210638 0.210739 0.052984
  0.45716  0.235591  0.235677 0.0715724
0.000332367    0.499676    0.499676 0.000316483
  0.77771 0.0456024 0.0456048  0.131083
 0.068356  0.446146  0.446161 0.0393372
  0.804259   0.093642  0.0936955 0.00840388
   0.978654   0.0106229   0.0106179 0.000105645
 0.724156  0.129448  0.129543 0.0168531
 0.641231  0.164785  0.164899 0.0290856
   0.934022   0.0325003   0.0325043 0.000973103
   0.88858 0.00501499  0.0049876   0.101418
   0.999886 5.71129e-05 5.71099e-05 3.24035e-09
6.91747e-13         0.5         0.5 4.82487e-13
 0.685215 0.0875255 0.0875752  0.139685
0.0169659  0.485277  0.485277 0.0124804
0.372985 0.252856 0.252942 0.121217
  0.45716  0.235591  0.235677 0.0715724
  0.45716  0.235591  0.235677 0.0715724
  0.45716  0.235591  0.235677 0.0715724
 0.101693  0.422588  0.422614 0.0531044
   0.949094   0.0251607   0.0251607 0.000584156
   0.990511  0.00473496   0.0047332 2.13322e-05
  0.910284   0.043961  0.0439722 0.00178309
  0.45716  0.235591  0.235677 0.0715724
  0.45716  0.235591  0.235677 0.0715724
2.52603e-09    0.499972    0.500028   4.835e-09
 0.919382 0.0395829 0.0395912 0.0014441
  0.45716  0.235591  0.235677 0.0715724
   0.934432   0.0323012   0.0323051 0.000961231
   0.939656   0.0297628   0.0297653 0.000816339
  0.45716  0.235591  0.235677 0.0715724
   0.961193   0.0192336   0.0192311 0.000342545
    0.95298   0.0232604   0.0232596 0.000499682
  0.45716  0.235591  0.235677 0.0715724
  0.903959 0.00155019 0.00152996  0.0929607
 0.668688  0.153291  0.153405 0.0246159
1.29227e-09    0.500006    0.499994 2.95861e-10
  0.45716  0.235591  0.235677 0.0715724
   0.984404  0.00777139  0.00776796 5.69026e-05
  0.45716  0.235591  0.235677 0.0715724
   0.963023   0.0183342   0.0183313 0.000311492
0.0286707  0.475908  0.475908 0.0195127
 0.55164 0.154481 0.154589  0.13929
6.31157e-05  0.00816669  0.00816324    0.983607
  2.605e-10    0.500005    0.499995 4.68218e-10
0.0225697  0.480743  0.480742 0.0159457
  0.45716  0.235591  0.235677 0.0715724
  0.45716  0.235591  0.235677 0.0715724
  0.45716  0.235591  0.235677 0.0715724
  0.857098  0.0691952  0.0692257 0.00448134
  0.45716  0.235591  0.235677 0.0715724
  0.45716  0.235591  0.235677 0.0715724
  0.45716  0.235591  0.235677 0.0715724
  0.45716  0.235591  0.235677 0.0715724
   0.1857  0.366665  0.366715 0.0809199
  0.45716  0.235591  0.235677 0.0715724
 0.702329  0.138926  0.139034 0.0197114
 0.727731  0.127884  0.127977 0.0164085
   0.999122 0.000439128 0.000439067 1.89459e-07
  0.45716  0.235591  0.235677 0.0715724
 0.920164 0.0392055 0.0392135 0.0014166
  0.45716  0.235591  0.235677 0.0715724
   0.943487    0.027897   0.0278984 0.000717479
8.65954e-12         0.5         0.5 6.81316e-12
0.000200692   0.0146211   0.0146138    0.970564
  0.45716  0.235591  0.235677 0.0715724
1.12508e-10    0.500002    0.499998 8.00479e-11
0.00976517   0.491279   0.491279 0.00767682
0.0296684  0.475126  0.475127 0.0200786
 0.638088  0.166087  0.166201 0.0296248
  0.929173  0.0348514  0.0348568 0.00111895
1.56129e-09    0.499995    0.500005 1.61862e-09
  0.45716  0.235591  0.235677 0.0715724
  0.887155  0.0550105  0.0550296 0.00280535
  0.45716  0.235591  0.235677 0.0715724
  0.45716  0.235591  0.235677 0.0715724
  0.45716  0.235591  0.235677 0.0715724
  0.45716  0.235591  0.235677 0.0715724
  0.45716  0.235591  0.235677 0.0715724
  0.45716  0.235591  0.235677 0.0715724
  0.45716  0.235591  0.235677 0.0715724
  0.45716  0.235591  0.235677 0.0715724
  0.45716  0.235591  0.235677 0.0715724
1.83343e-09    0.499992    0.500008 1.98491e-09
  0.45716  0.235591  0.235677 0.0715724
  0.45716  0.235591  0.235677 0.0715724
1.16717e-09    0.500002    0.499998 7.63712e-10
  0.45716  0.235591  0.235677 0.0715724
   0.990341  0.00481928  0.00481748 2.20913e-05
1.17045e-09    0.500002    0.499998 7.86954e-10
  0.838681   0.077788  0.0778261 0.00570538
7.64151e-09    0.499945    0.500055 9.10614e-09
  0.946527  0.0264143   0.026415 0.00064352
  0.45716  0.235591  0.235677 0.0715724
  0.45716  0.235591  0.235677 0.0715724
 0.743528  0.120933  0.121017 0.0145211
    0.97821   0.0108423   0.0108374 0.000110009
  0.45716  0.235591  0.235677 0.0715724
1.16822e-09    0.500002    0.499998 7.71619e-10
   0.999236 0.000381819 0.000381769 1.43395e-07
   0.999939 3.03183e-05 3.03172e-05  9.1475e-10
   0.994836  0.00257903  0.00257827 6.39724e-06
  0.45716  0.235591  0.235677 0.0715724
   0.997037  0.00148044  0.00148009 2.12543e-06
   0.996594  0.00170201  0.00170158 2.80383e-06
   0.998724 0.000638054 0.000637949 3.98652e-07
   0.970932   0.0144392   0.0144351 0.000194012
   0.971955   0.0139341   0.0139298 0.000180796
  0.45716  0.235591  0.235677 0.0715724
 2.1924e-09    0.499989    0.500011 2.41498e-09
  0.45716  0.235591  0.235677 0.0715724
    0.99027   0.0048545  0.00485268 2.24123e-05
   0.987306  0.00632951   0.0063269 3.79033e-05
  0.45716  0.235591  0.235677 0.0715724
   0.994494  0.00274962  0.00274878 7.26386e-06
   0.996575  0.00171152  0.00171109 2.83503e-06
  0.45716  0.235591  0.235677 0.0715724
0.00797994   0.492807   0.492807 0.00640545
  0.45716  0.235591  0.235677 0.0715724
   0.989405  0.00528528  0.00528324 2.65228e-05
  0.45716  0.235591  0.235677 0.0715724
  0.45716  0.235591  0.235677 0.0715724
  0.885163  0.0559564  0.0559762 0.00290418
 0.102951  0.421718  0.421745 0.0535865
  0.45716  0.235591  0.235677 0.0715724
  0.45716  0.235591  0.235677 0.0715724
  0.997694 0.00115238 0.00115214  1.292e-06
   0.982515  0.00870905  0.00870506 7.12962e-05
 8.3476e-09    0.499933    0.500067 1.45265e-08
   0.949544   0.0249411   0.0249411 0.000574055
  0.841499  0.0764777  0.0765147 0.00550821
  0.45716  0.235591  0.235677 0.0715724
  0.45716  0.235591  0.235677 0.0715724
1.58164e-10    0.500002    0.499998 1.06704e-10
  0.45716  0.235591  0.235677 0.0715724
 0.741357  0.121892  0.121978 0.0147731
0.00390433   0.496382   0.496382 0.00333183
3.02295e-10    0.500004    0.499996 1.91333e-10
0.152066 0.388575 0.388616 0.070743
  0.45716  0.235591  0.235677 0.0715724
  0.45716  0.235591  0.235677 0.0715724
    0.99646  0.00176883  0.00176838 3.02665e-06
  0.810191  0.0909291  0.0909798 0.00790008
  0.45716  0.235591  0.235677 0.0715724
   0.94561  0.0268621   0.026863 0.00066543
0.0372892  0.469224  0.469228  0.024259
  0.45716  0.235591  0.235677 0.0715724
0.000241136   0.0160349   0.0160266    0.967697
  0.45716  0.235591  0.235677 0.0715724
  0.45716  0.235591  0.235677 0.0715724
  0.45716  0.235591  0.235677 0.0715724
 0.774073  0.107318  0.107386 0.0112227
  0.869069  0.0635693  0.0635951 0.00376634
   0.946391   0.0264808   0.0264816 0.000646754
  0.45716  0.235591  0.235677 0.0715724
  0.45716  0.235591  0.235677 0.0715724
  0.801921  0.0947089  0.0947635 0.00860691
1.50887e-10    0.500002    0.499998 1.02218e-10
  0.45716  0.235591  0.235677 0.0715724
  0.45716  0.235591  0.235677 0.0715724
  0.45716  0.235591  0.235677 0.0715724
  0.45716  0.235591  0.235677 0.0715724
1.16936e-08     0.49997     0.50003 1.13329e-08
  0.45716  0.235591  0.235677 0.0715724
 0.604969  0.179627  0.179739 0.0356653
  0.45716  0.235591  0.235677 0.0715724
2.15419e-05    0.499979    0.499979 2.12701e-05
  0.45716  0.235591  0.235677 0.0715724
  0.45716  0.235591  0.235677 0.0715724
 0.761086  0.113135   0.11321 0.0125695
9.41908e-09    0.499922    0.500078 1.36384e-08
  0.45716  0.235591  0.235677 0.0715724
  0.45716  0.235591  0.235677 0.0715724
  0.880117 0.00734636 0.00731779   0.105219
  0.854766  0.0702873  0.0703187 0.00462795
8.62923e-08    0.500071    0.499929 5.05726e-10
  0.45716  0.235591  0.235677 0.0715724
  0.45716  0.235591  0.235677 0.0715724
   0.934562   0.0322381   0.0322419 0.000957482
  0.45716  0.235591  0.235677 0.0715724
2.20528e-12         0.5         0.5 1.70617e-12
0.0484536  0.460771  0.460779 0.0299967
  0.45716  0.235591  0.235677 0.0715724
   0.956999   0.0212919   0.0212902 0.000419161
7.63498e-09    0.499946    0.500054 9.09476e-09
  0.872619  0.0618952  0.0619197 0.00356647
   0.960744   0.0194539   0.0194515 0.000350377
   0.975882   0.0119944   0.0119897 0.000134356
2.86404e-09    0.499969    0.500031 5.25426e-09
   0.989853  0.00506245  0.00506052 2.43539e-05
  0.45716  0.235591  0.235677 0.0715724
  0.45716  0.235591  0.235677 0.0715724
 0.657817  0.157867  0.157982 0.0263343
  0.45716  0.235591  0.235677 0.0715724
    0.99997  1.5039e-05 1.50386e-05 2.25398e-10
  0.792996    0.09877  0.0988288 0.00940542
   0.88012  0.0583479  0.0583695 0.00316217
   0.977115   0.0113842   0.0113794 0.000121161
0.0936797  0.428161  0.428185 0.0499741
  0.45716  0.235591  0.235677 0.0715724
0.470201 0.198164 0.198264  0.13337
  0.45716  0.235591  0.235677 0.0715724
0.509134 0.177034 0.177138 0.136693
 0.768962  0.109612  0.109683 0.0117431
  0.45716  0.235591  0.235677 0.0715724
  0.45716  0.235591  0.235677 0.0715724
  0.73049  0.126674  0.126766 0.0160698
  0.45716  0.235591  0.235677 0.0715724
 0.772313  0.108109  0.108178 0.0114005
  0.915521   0.041443  0.0414524 0.00158361
7.49114e-09    0.499913    0.500087 1.59989e-08
  0.45716  0.235591  0.235677 0.0715724
 0.777466  0.105792  0.105858 0.0108844
    0.99631  0.00184368   0.0018432 3.28622e-06
 1.0119e-09    0.499985    0.500015 2.96353e-09
0.00235915    0.49778    0.49778 0.00208116
  0.45716  0.235591  0.235677 0.0715724
   0.999358 0.000321137 0.000321098 1.01569e-07
  0.45716  0.235591  0.235677 0.0715724
     0.9574   0.0210951   0.0210933 0.000411499
  0.45716  0.235591  0.235677 0.0715724
  0.45716  0.235591  0.235677 0.0715724
  0.965553  0.0170895  0.0170862 0.00027095
   0.994069  0.00296151  0.00296059 8.41604e-06
1.88199e-09    0.499992    0.500008 2.04568e-09
  0.45716  0.235591  0.235677 0.0715724
  0.45716  0.235591  0.235677 0.0715724
0.0552171  0.455743  0.455754 0.0332857
1.11456e-09    0.499984    0.500016 3.09695e-09
  0.45716  0.235591  0.235677 0.0715724
 0.679021  0.148911  0.149025 0.0230436
0.00425644   0.496067   0.496067 0.00360895
  0.45716  0.235591  0.235677 0.0715724
 0.238077  0.333562  0.333624 0.0947363
  0.45716  0.235591  0.235677 0.0715724
0.0016583 0.0419529 0.0419258  0.914463
  0.45716  0.235591  0.235677 0.0715724
  0.45716  0.235591  0.235677 0.0715724
  0.45716  0.235591  0.235677 0.0715724
   0.998381  0.00080915 0.000809002 6.39568e-07
  0.45716  0.235591  0.235677 0.0715724
0.312767 0.288145 0.288222 0.110866
  0.45716  0.235591  0.235677 0.0715724
1.25886e-05  0.00362365  0.00362248    0.992741
  0.45716  0.235591  0.235677 0.0715724
5.91209e-09     0.49996     0.50004 6.56921e-09
 0.767932  0.110074  0.110145 0.0118494
  0.45716  0.235591  0.235677 0.0715724
2.11829e-09     0.49999     0.50001 2.32923e-09
  0.45716  0.235591  0.235677 0.0715724
3.43021e-08    0.500016    0.499984  7.5216e-09
  0.45716  0.235591  0.235677 0.0715724
0.0925361  0.241081  0.240881  0.425502
 0.868068 0.0640409 0.0640671 0.0038237
  0.45716  0.235591  0.235677 0.0715724
   0.984686  0.00763112  0.00762777 5.48874e-05
  0.953811  0.0228536  0.0228526 0.00048246
   0.994769  0.00261275  0.00261198 6.56424e-06
9.16689e-09    0.499927    0.500073 1.26647e-08
  0.45716  0.235591  0.235677 0.0715724
  0.45716  0.235591  0.235677 0.0715724
  0.45716  0.235591  0.235677 0.0715724
  0.45716  0.235591  0.235677 0.0715724
0.0354631  0.470628  0.470631 0.0232788
1.00467e-10    0.500001    0.499999 7.03693e-11
  0.45716  0.235591  0.235677 0.0715724
  0.45716  0.235591  0.235677 0.0715724
8.44801e-09    0.499937    0.500063 1.06983e-08
  0.81799 0.0290725 0.0290577   0.12388
  0.45716  0.235591  0.235677 0.0715724
0.0187061  0.131697  0.131595  0.718001
 0.673801  0.151127  0.151241 0.0238304
   0.99786 0.00106953 0.00106931 1.1139e-06
  0.45716  0.235591  0.235677 0.0715724
 0.670471  0.152537  0.152651 0.0243404
  0.907035  0.0455202  0.0455323 0.00191276
   0.948696   0.0253553   0.0253555 0.000593183
3.32405e-11    0.500001    0.499999 2.49782e-11
  0.45716  0.235591  0.235677 0.0715724
  0.45716  0.235591  0.235677 0.0715724
  0.45716  0.235591  0.235677 0.0715724
   0.999475 0.000262395 0.000262366 6.79045e-08
0.0903695  0.239429   0.23923  0.430971
4.50728e-12         0.5         0.5 4.31778e-12
   0.974073   0.0128885    0.012884 0.000154915
  0.45716  0.235591  0.235677 0.0715724
1.29916e-11         0.5         0.5  1.1226e-11
   0.955199    0.022174   0.0221727 0.000454367
 0.786004  0.101938  0.102001 0.0100571
   0.999296 0.000352078 0.000352034 1.22002e-07
   0.963174   0.0182599    0.018257 0.000308993
  0.839772  0.0772807  0.0773184 0.00562859
1.44182e-09    0.499997    0.500003 1.43513e-09
3.78731e-09    0.499977    0.500023 4.13673e-09
  0.912247  0.0430178  0.0430282 0.00170693
   0.988411  0.00578006  0.00577775 3.16654e-05
   0.940434    0.029384   0.0293862 0.000795743
1.29006e-09    0.500006    0.499994  2.9843e-10
2.58965e-09    0.499986    0.500014 2.85845e-09
1.99863e-09    0.499991    0.500009 2.18786e-09
 0.614188  0.175891  0.176004 0.0339172
2.96081e-10    0.500004    0.499996 1.90166e-10
  0.45716  0.235591  0.235677 0.0715724
  0.45716  0.235591  0.235677 0.0715724
   0.976909   0.0114862   0.0114814 0.000123319
   0.998257 0.000871097 0.000870933 7.40651e-07
  0.45716  0.235591  0.235677 0.0715724
   0.984624  0.00766216   0.0076588 5.53303e-05
  0.910256  0.0439741  0.0439853 0.00178416
  0.45716  0.235591  0.235677 0.0715724
  0.45716  0.235591  0.235677 0.0715724
  0.45716  0.235591  0.235677 0.0715724
2.03298e-16         0.5         0.5 1.78115e-14
  0.45716  0.235591  0.235677 0.0715724
  0.45716  0.235591  0.235677 0.0715724
   0.948985   0.0252141   0.0252142 0.000586627
3.99868e-09    0.499959    0.500041 6.75055e-09
   0.995471  0.00226248  0.00226185 4.93352e-06
   0.999358 0.000320848 0.000320809 1.01387e-07
1.62502e-10    0.500002    0.499998 1.09366e-10
   0.988072  0.00594848  0.00594608 3.35187e-05
0.000251348    0.499754    0.499754 0.000240835
 0.946254 0.0265475 0.0265483   0.00065
  0.45716  0.235591  0.235677 0.0715724
  0.45716  0.235591  0.235677 0.0715724
  0.45716  0.235591  0.235677 0.0715724
0.489466 0.224046 0.224139 0.062349
  0.45716  0.235591  0.235677 0.0715724
4.43235e-07  0.00067278  0.00067267    0.998654
   0.987995  0.00598676  0.00598434 3.39471e-05
  0.45716  0.235591  0.235677 0.0715724
  0.45716  0.235591  0.235677 0.0715724
 0.743686  0.120864  0.120948 0.0145029
  0.45716  0.235591  0.235677 0.0715724
3.79041e-12         0.5         0.5 2.98246e-12
0.447796 0.210525 0.210623 0.131056
  0.45716  0.235591  0.235677 0.0715724
  0.45716  0.235591  0.235677 0.0715724
  0.45716  0.235591  0.235677 0.0715724
  0.45716  0.235591  0.235677 0.0715724
8.25303e-09 9.12216e-05 9.12156e-05    0.999818
  0.904388  0.0467884  0.0468014 0.00202174
  0.45716  0.235591  0.235677 0.0715724
  0.45716  0.235591  0.235677 0.0715724
  0.45716  0.235591  0.235677 0.0715724
 0.259846  0.320123  0.320189 0.0998416
   0.978132   0.0108813   0.0108763 0.000110793
   0.997472  0.00126357  0.00126329 1.55155e-06
  0.45716  0.235591  0.235677 0.0715724
 0.116757  0.412243  0.412274 0.0587261
4.38626e-10    0.500006    0.499994  2.6842e-10
  0.45716  0.235591  0.235677 0.0715724
  0.45716  0.235591  0.235677 0.0715724
 0.111041  0.416149  0.416178 0.0566315
 0.839363 0.0774708 0.0775087 0.0056573
   0.998843 0.000578422 0.000578331 3.27924e-07
 0.582404  0.188659  0.188769 0.0401681
  0.13342   0.40098  0.401015 0.0645851
  0.45716  0.235591  0.235677 0.0715724
3.23833e-08 0.000180986 0.000180969    0.999638
1.02232e-10    0.499997    0.500003 1.44742e-09
  0.45716  0.235591  0.235677 0.0715724
0.0797436  0.437983  0.438002 0.0442714
2.18999e-13         0.5         0.5 3.29285e-13
  0.45716  0.235591  0.235677 0.0715724
  0.45716  0.235591  0.235677 0.0715724
    0.98395   0.0079967  0.00799314 6.02148e-05
  0.45716  0.235591  0.235677 0.0715724
  0.893672  0.0519088  0.0519255 0.00249391
 0.197225  0.359282  0.359334 0.0841593
  0.45716  0.235591  0.235677 0.0715724
0.000108446   0.0107268   0.0107219    0.978443
  0.901652  0.0480984  0.0481124 0.00213761
   0.992241  0.00387302  0.00387169 1.43262e-05
  0.982679 0.00862739 0.00862345 6.9979e-05
  0.817894  0.0873943  0.0874416 0.00727016
  0.45716  0.235591  0.235677 0.0715724
  0.45716  0.235591  0.235677 0.0715724
  0.45716  0.235591  0.235677 0.0715724
  0.45716  0.235591  0.235677 0.0715724
 0.765963  0.110955  0.111027 0.0120541
 0.697164   0.14115  0.141261 0.0204242
9.20225e-09    0.499926    0.500074 1.27872e-08
0.000394981   0.0205422   0.0205308    0.958532
  0.45716  0.235591  0.235677 0.0715724
  0.931935  0.0335131  0.0335177 0.00103466
  0.45716  0.235591  0.235677 0.0715724
  0.45716  0.235591  0.235677 0.0715724
 0.766081  0.110903  0.110975 0.0120418
  0.45716  0.235591  0.235677 0.0715724
  0.45716  0.235591  0.235677 0.0715724
3.71265e-13         0.5         0.5 5.01052e-13
  0.45716  0.235591  0.235677 0.0715724
0.000230982    0.499774    0.499774 0.000221705
 0.928436 0.0352084 0.0352139  0.001142
1.57605e-10    0.500002    0.499998  1.0636e-10
6.56127e-10    0.499989    0.500011 2.47539e-09
  0.45716  0.235591  0.235677 0.0715724
0.000325599   0.0186453   0.0186353    0.962394
  0.45716  0.235591  0.235677 0.0715724
  0.45716  0.235591  0.235677 0.0715724
  0.45716  0.235591  0.235677 0.0715724
   0.999717 0.000141313 0.000141301 1.97649e-08
  0.45716  0.235591  0.235677 0.0715724
1.72398e-08    0.499999    0.500001 8.37377e-09
  0.45716  0.235591  0.235677 0.0715724
  0.45716  0.235591  0.235677 0.0715724
  0.868046  0.0640512  0.0640774 0.00382496
5.19092e-11    0.500001    0.499999 3.80466e-11
0.0510877  0.458805  0.458814  0.031293
  0.12417   0.40721  0.407243 0.0613769
   0.998551 0.000724335 0.000724209 5.13108e-07
   0.999463 0.000268281 0.000268251 7.09745e-08
   0.999224 0.000387855 0.000387804 1.47947e-07
  0.45716  0.235591  0.235677 0.0715724
2.81601e-09    0.499984    0.500016  3.1034e-09
 2.7615e-10    0.500004    0.499996 1.78806e-10
 0.198281  0.358608  0.358661 0.0844501
   0.91747  0.0405044  0.0405132 0.00151238
 0.118004  0.411394  0.411425 0.0591774
5.45325e-13         0.5         0.5 6.87478e-13
  0.45716  0.235591  0.235677 0.0715724
 0.019071  0.483562  0.483561 0.0138061
  0.916249  0.0410923  0.0411016 0.00155681
  0.45716  0.235591  0.235677 0.0715724
  0.45716  0.235591  0.235677 0.0715724
  0.909122  0.0445187  0.0445302 0.00182893
   0.996132  0.00193226  0.00193176 3.60713e-06
  0.45716  0.235591  0.235677 0.0715724
 0.876337 0.0601384 0.0601615  0.003363
  0.861748  0.0670138  0.0670425 0.00419612
 0.754647  0.116004  0.116082 0.0132675
  0.45716  0.235591  0.235677 0.0715724
 0.743331   0.12102  0.121105 0.0145439
  0.45716  0.235591  0.235677 0.0715724
   0.999775 0.000112518 0.000112509  1.2544e-08
0.628381 0.170089 0.170203 0.031327
