   0.972834   0.0135283   0.0135275 0.000110144
   0.982934  0.00851011  0.00850752 4.83258e-05
   0.996756  0.00162086  0.00162044 2.19727e-06
   0.999292 0.000353791 0.000353745 1.15084e-07
   0.923444   0.0379605   0.0379765 0.000619384
 0.0033415   0.497472   0.497472 0.00171409
   0.946766   0.0264413    0.026448 0.000345158
  0.940944  0.0293189  0.0293277 0.00040898
   0.995831  0.00208301  0.00208241 3.54426e-06
  0.843964  0.0758681  0.0758956 0.00427259
   0.975949   0.0119815   0.0119801 8.89699e-05
 0.938194 0.0306781 0.0306879 0.0004403
   0.999505 0.000247583 0.000247556 5.71348e-08
   0.975019   0.0124437   0.0124425 9.51104e-05
   0.974619   0.0126424   0.0126412 9.77993e-05
6.74312e-05    0.499936    0.499936 6.04104e-05
  0.611154   0.190358   0.190393 0.00809533
   0.998742 0.000629103 0.000628997 3.53907e-07
   0.980707  0.00961755  0.00961528 6.01969e-05
   0.987111  0.00643119  0.00642829 2.90709e-05
   0.977889    0.011018   0.0110162 7.66995e-05
   0.981649  0.00914898  0.00914658 5.50434e-05
   0.967512   0.0161688   0.0161693 0.000150201
   0.972923   0.0134844   0.0134836 0.000109519
   0.968966   0.0154475   0.0154476 0.000138792
   0.984106  0.00792732  0.00792459 4.25178e-05
1.33861e-11         0.5         0.5 5.14982e-12
 0.00103775    0.499133    0.499133 0.000695841
   0.997255  0.00137178  0.00137144 1.59627e-06
   0.974938   0.0124837   0.0124825 9.56498e-05
   0.901039   0.0490111   0.0490296 0.000919987
1.07468e-10    0.500001    0.499999 2.32159e-11
   0.980878  0.00953258  0.00953029 5.92484e-05
   0.999944 2.80194e-05 2.80183e-05 7.66683e-10
    0.98682  0.00657642  0.00657343 3.02807e-05
   0.982187  0.00888175  0.00887927 5.21896e-05
 0.0272335   0.483387   0.483386 0.00599291
   0.933873   0.0328123   0.0328239 0.000490896
    0.98147  0.00923843  0.00923605 5.60126e-05
 6.4229e-11    0.500001    0.499999 1.53787e-10
   0.914504   0.0423707   0.0423896 0.000735762
   0.979028    0.010452     0.01045 6.98354e-05
   0.968709    0.015575   0.0155751 0.000140783
   0.996639  0.00167941  0.00167897 2.35142e-06
1.14632e-11         0.5         0.5 4.57554e-12
   0.957022   0.0213665   0.0213699 0.000241806
 0.112674  0.438687  0.438697 0.0099422
 0.279871  0.354542  0.354568 0.0110179
   0.999913 4.34292e-05 4.34272e-05 1.83123e-09
7.17803e-11    0.500001    0.499999 1.73291e-11
          1  2.1354e-08 2.13541e-08 4.55707e-16
7.22772e-11    0.500001    0.499999 1.74112e-11
   0.991136  0.00442564   0.0044239 1.46065e-05
    0.93768   0.0309317   0.0309417 0.000446223
   0.999169 0.000415556 0.000415498 1.57668e-07
   0.980331  0.00980462  0.00980241 6.23069e-05
    0.99984 7.97541e-05 7.97491e-05 6.11139e-09
   0.990817   0.0045847  0.00458288 1.55949e-05
   0.960107   0.0198389   0.0198414 0.000213265
3.61316e-10    0.500004    0.499996 1.19365e-10
   0.975048   0.0124292   0.0124279 9.49146e-05
2.98167e-09    0.500003    0.499997  1.2072e-10
   0.997633  0.00118312  0.00118285 1.20128e-06
   0.983919  0.00802012  0.00801742 4.34219e-05
0.000159706    0.499853    0.499853 0.000135179
9.76468e-14         0.5         0.5 1.58821e-13
0.00350201   0.497363   0.497363 0.00177255
   0.960367   0.0197098   0.0197122 0.000210912
2.70926e-10    0.500002    0.499998 4.12623e-11
4.67153e-10    0.500003    0.499997 5.63246e-11
   0.999549 0.000225262 0.000225239 4.74502e-08
   0.950789   0.0244511   0.0244565 0.000303148
1.20047e-07    0.499843    0.500157 1.45677e-09
4.79929e-11    0.500001    0.499999 1.35782e-11
   0.994776  0.00260952  0.00260869 5.43152e-06
0.00227035    0.49822    0.49822 0.00128967
    0.97999  0.00997398  0.00997183 6.42427e-05
   0.954822   0.0224554   0.0224595 0.000262912
   0.950002   0.0248408   0.0248464 0.000311229
   0.998101 0.000948959 0.000948765 7.85158e-07
 0.289544  0.349717  0.349744 0.0109956
   0.896903   0.0510503   0.0510685 0.000978402
 0.0639343   0.463808   0.463811 0.00844581
   0.90008  0.0494842  0.0495027 0.00093347
   0.982688  0.00863232  0.00862977 4.95828e-05
  0.923659  0.0378544  0.0378703 0.00061665
  0.099221   0.445568   0.445577 0.00963457
    0.98324  0.00835774  0.00835511 4.67774e-05
 1.8671e-12         0.5         0.5 1.34585e-12
 0.0347669   0.479275   0.479275 0.00668322
1.37649e-10    0.500001    0.499999 2.72133e-11
   0.975614   0.0121481   0.0121468 9.11647e-05
0.0165417  0.489391   0.48939 0.0046772
   0.996237  0.00188017  0.00187965 2.91659e-06
   0.993084  0.00345393   0.0034527 9.20166e-06
  0.971715  0.0140836  0.0140831 0.00011817
   0.978893   0.0105191   0.0105171 7.06354e-05
 0.0312745   0.481172   0.481172 0.00638128
   0.998788 0.000605925 0.000605824 3.28988e-07
   0.985037  0.00746367  0.00746084 3.81213e-05
4.73437e-10         0.5         0.5  4.7333e-10
   0.965675   0.0170795   0.0170804 0.000165085
   0.996844  0.00157728  0.00157688 2.08568e-06
   0.997294   0.0013524  0.00135207 1.55328e-06
   0.984489  0.00773652  0.00773374 4.06841e-05
3.16193e-09    0.500001    0.499999 1.46524e-10
   0.960404   0.0196913   0.0196937 0.000210577
  0.964349  0.0177368  0.0177381 0.00017615
    0.95068   0.0245051   0.0245104 0.000304262
   0.970198   0.0148361    0.014836 0.000129392
2.11315e-10    0.500002    0.499998 3.50963e-11
 0.0273813   0.483306   0.483305 0.00600795
0.00030685   0.499724   0.499724 0.00024442
1.66464e-10    0.500002    0.499998 3.06747e-11
   0.999986 6.77807e-06 6.77795e-06 4.54096e-11
   0.997705  0.00114724  0.00114699 1.13215e-06
 3.0432e-08    0.499951    0.500049 5.44171e-10
4.08511e-09    0.499996    0.500004 1.98811e-10
   0.991499  0.00424441  0.00424278 1.35153e-05
   0.977084   0.0114178   0.0114161 8.17026e-05
   0.997841  0.00107909  0.00107885 1.00615e-06
   0.999182 0.000408872 0.000408815 1.52748e-07
   0.991596  0.00419623  0.00419462 1.32315e-05
 0.240621  0.374156  0.374179 0.0110433
   0.999476 0.000261988 0.000261958 6.38481e-08
   0.960687   0.0195511   0.0195534 0.000208034
    0.99667  0.00166384  0.00166341 2.30995e-06
   0.997491  0.00125388  0.00125359 1.34327e-06
2.45068e-05    0.499976    0.499976 2.29186e-05
5.82633e-06  0.00264749  0.00264681      0.9947
1.07261e-05     0.49999     0.49999 1.02586e-05
0.00130725   0.498927   0.498927 0.00083906
   0.998518 0.000740654 0.000740518 4.85935e-07
   0.945347   0.0271427   0.0271499 0.000360389
   0.962733   0.0185375   0.0185392 0.000189982
  0.991982 0.00400367 0.00400216 1.2124e-05
 0.0926387   0.448947   0.448954 0.00946002
 0.0069056   0.495145   0.495145 0.00280516
0.00240835   0.498122   0.498122 0.00134817
  0.976816  0.0115513  0.0115497 8.3402e-05
   0.970739   0.0145682   0.0145679 0.000125352
4.77795e-11    0.500001    0.499999 1.35372e-11
 0.0516143   0.470278   0.470279 0.00782899
   0.964903   0.0174623   0.0174634 0.000171497
  0.996941 0.00152879  0.0015284 1.9647e-06
 0.215869  0.386557  0.386578 0.0109964
   0.973977   0.0129612   0.0129601 0.000102175
 0.118958  0.435482  0.435494 0.0100663
   0.948884   0.0253935   0.0253994 0.000322813
   0.922711    0.038322   0.0383383 0.000628719
   0.998248 0.000875546 0.000875373  6.7197e-07
1.36612e-12         0.5         0.5 7.66172e-13
   0.944985   0.0273216   0.0273289 0.000364308
   0.999817 9.17271e-05 9.17209e-05 8.06072e-09
4.34006e-10    0.500003    0.499997  5.4082e-11
 0.306049  0.341489  0.341517 0.0109448
   0.998748 0.000626026  0.00062592 3.50548e-07
9.81913e-11    0.500001    0.499999 2.18921e-11
 0.0131433   0.491365   0.491365 0.00412612
   0.952699   0.0235064   0.0235111 0.000283855
7.46213e-10    0.500005    0.499995 7.21122e-11
   0.999984 7.91662e-06 7.91647e-06  6.1888e-11
3.26753e-09 5.81115e-05 5.81085e-05    0.999884
   0.990507  0.00473938  0.00473748 1.65832e-05
   0.985897  0.00703565  0.00703274 3.42435e-05
5.39321e-09    0.499992    0.500008 2.39718e-10
   0.997805  0.00109706  0.00109682 1.03869e-06
   0.998087 0.000955988 0.000955791 7.96431e-07
   0.984446  0.00775805  0.00775528 4.08894e-05
   0.950011   0.0248362   0.0248418 0.000311133
   0.992714  0.00363863  0.00363731 1.01434e-05
 0.0424524   0.475144   0.475143 0.00726047
   0.962861    0.018474   0.0184757 0.000188871
3.39042e-10    0.500003    0.499997 1.21131e-10
1.60942e-15 4.01352e-08 4.01351e-08           1
   0.986298  0.00683605   0.0068331 3.24957e-05
   0.935649   0.0319351   0.0319459 0.000469896
   0.993278  0.00335714  0.00335596 8.72464e-06
 0.0173582   0.488922   0.488922 0.00479751
  0.938462  0.0305453  0.0305551 0.00043721
   0.936625   0.0314529   0.0314634 0.000458474
  0.985414 0.00727629 0.00727342 3.6402e-05
  0.891969   0.053482  0.0534996 0.00104903
   0.939966   0.0298024   0.0298116 0.000420039
   0.999998 9.07782e-07  9.0778e-07 8.20573e-13
  0.995071 0.00246223 0.00246147 4.8667e-06
   0.999661 0.000169622 0.000169607 2.71436e-08
 0.0116352   0.492257   0.492257 0.00385037
    0.96662   0.0166109   0.0166116 0.000157361
3.77393e-10    0.500003    0.499997 4.96008e-11
 0.0001488   0.499862   0.499862 0.00012665
    0.92414   0.0376167   0.0376324 0.000610542
2.05618e-10    0.500002    0.499998  1.3331e-10
   0.999839 8.03603e-05 8.03552e-05 6.20371e-09
   0.972561    0.013664   0.0136633 0.000112085
0.00939924   0.493603   0.493602 0.00339599
  0.861759  0.0671473  0.0671735 0.00392042
 0.279934  0.354511  0.354537 0.0110178
  0.996965 0.00151684 0.00151645 1.9354e-06
   0.99432 0.00283723 0.00283629 6.3599e-06
3.92879e-09    0.499997    0.500003 1.92419e-10
   0.937005   0.0312653   0.0312756 0.000454053
   0.958818   0.0204773   0.0204801 0.000225037
 0.0158314     0.4898     0.4898 0.00456903
   0.999713 0.000143502  0.00014349 1.95182e-08
   0.973596   0.0131502   0.0131492 0.000104805
   0.999052 0.000473725 0.000473655 2.03647e-07
   0.998106 0.000946549 0.000946355 7.81309e-07
   0.974967   0.0124692   0.0124679 9.54535e-05
   0.997405  0.00129677  0.00129647 1.43294e-06
3.04177e-05    0.499971    0.499971 2.82337e-05
   0.926077   0.0366609   0.0366757 0.000586147
   0.981953  0.00899794  0.00899549 5.34227e-05
   0.989065  0.00545811  0.00545579 2.15193e-05
   0.905099   0.0470093   0.0470281 0.000863434
0.00758424    0.49472    0.49472 0.00297656
   0.982944  0.00850523  0.00850264 4.82759e-05
   0.960853   0.0194689   0.0194711 0.000206547
  0.28948  0.349748  0.349775 0.0109958
   0.998421 0.000789083 0.000788935  5.4943e-07
   0.979019   0.0104566   0.0104546 6.98904e-05
    0.99887 0.000564923 0.000564832 2.87044e-07
   0.966512   0.0166644   0.0166651 0.000158236
   0.997444  0.00127738  0.00127708 1.39206e-06
8.26959e-12         0.5         0.5 3.55301e-12
   0.999347 0.000326278 0.000326238 9.82061e-08
   0.993505  0.00324415  0.00324303 8.18225e-06
 0.0258597   0.484146   0.484145 0.00584977
   0.988703  0.00563839  0.00563597 2.28443e-05
   0.983697  0.00813037  0.00812769 4.45061e-05
   0.979026   0.0104531   0.0104512 6.98491e-05
   0.978812   0.0105596   0.0105577 7.11207e-05
   0.988508  0.00573525  0.00573277 2.35703e-05
   0.994912  0.00254187  0.00254107 5.16859e-06
 0.0168088   0.489237   0.489237 0.00471703
  0.922333  0.0385085   0.038525 0.00063355
   0.993117  0.00343733  0.00343611 9.11906e-06
  0.988279 0.00584934  0.0058468 2.4438e-05
2.48823e-11         0.5         0.5 8.63622e-12
     0.9944  0.00279748  0.00279656 6.19306e-06
   0.950246     0.02472   0.0247255 0.000308715
   0.920088   0.0396162   0.0396338 0.000662451
   0.996095  0.00195142  0.00195087 3.13064e-06
   0.969252   0.0153057   0.0153057 0.000136589
0.00661188    0.49533    0.49533 0.00272812
   0.996519  0.00173945  0.00173899 2.51453e-06
   0.993031  0.00348024    0.003479 9.33329e-06
1.20103e-12         0.5         0.5 9.70596e-13
   0.996602   0.0016979  0.00169745 2.40109e-06
   0.963887   0.0179656    0.017967 0.000180063
   0.986926  0.00652343  0.00652047 2.98368e-05
   0.998579 0.000710437  0.00071031 4.48204e-07
7.38353e-05     0.49993     0.49993 6.58207e-05
   0.995334  0.00233137  0.00233067 4.38873e-06
   0.998377  0.00081138 0.000811226 5.79909e-07
    0.99995 2.52367e-05 2.52358e-05 6.22713e-10
   0.915721   0.0417701    0.041789 0.000719611
   0.999377 0.000311424 0.000311386 8.96333e-08
   0.981484   0.0092312  0.00922882 5.59339e-05
2.76426e-10    0.500002    0.499998 4.17558e-11
   0.999987 6.38582e-06 6.38571e-06 4.03198e-11
0.00644615   0.495435   0.495435 0.00268384
   0.977352   0.0112847    0.011283 8.00227e-05
   0.926289   0.0365563   0.0365711 0.000583495
 0.0373409   0.477886   0.477885 0.00688876
   0.988938  0.00552121  0.00551886 2.19792e-05
   0.989394  0.00529377  0.00529155 2.03415e-05
   0.997455  0.00127211  0.00127182 1.38105e-06
   0.993344  0.00332437  0.00332321 8.56571e-06
  0.979662  0.0101368  0.0101347 6.6126e-05
   0.995247  0.00237476  0.00237404 4.54471e-06
   0.984119  0.00792044  0.00791771 4.24511e-05
   0.992366  0.00381234  0.00381093 1.10663e-05
0.000256476    0.499768    0.499768 0.000208108
0.00729341   0.494901   0.494901 0.00290419
   0.995043  0.00247666  0.00247589 4.92078e-06
1.89867e-09    0.499988    0.500012 2.79754e-10
   0.972499   0.0136944   0.0136937 0.000112522
   0.917564   0.0408608   0.0408796 0.000695333
0.210314 0.389343 0.389364 0.010978
   0.999957 2.12797e-05  2.1279e-05 4.43561e-10
   0.978116   0.0109055   0.0109037 7.53148e-05
   0.996385  0.00180628  0.00180579 2.70203e-06
    0.99836 0.000819559 0.000819402 5.91285e-07
    0.98871  0.00563464  0.00563222 2.28164e-05
   0.986251   0.0068597  0.00685675 3.27007e-05
2.95343e-09    0.500005    0.499995  9.8306e-11
   0.989467  0.00525766  0.00525546 2.00866e-05
  0.980748 0.00959727   0.009595  5.997e-05
   0.991265  0.00436136  0.00435966 1.42151e-05
   0.944731   0.0274473   0.0274547 0.000367072
1.01151e-11         0.5         0.5 4.15569e-12
0.0169996  0.489128  0.489127 0.0047452
   0.99083 0.00457821 0.00457639 1.5554e-05
   0.998137 0.000931275 0.000931086  7.5713e-07
   0.998635 0.000682124 0.000682004 4.14173e-07
   0.953514    0.023103   0.0231075 0.000275752
  0.996666 0.00166582 0.00166538 2.3152e-06
   0.935919    0.031802   0.0318127 0.000466735
   0.999172 0.000414066 0.000414008 1.56565e-07
  0.526459    0.23217   0.232205 0.00916649
   0.994172  0.00291131  0.00291034 6.67621e-06
2.72247e-09 5.30059e-05 5.30032e-05    0.999894
   0.998377  0.00081138 0.000811226 5.79909e-07
   0.992133  0.00392848  0.00392701 1.17032e-05
   0.961246   0.0192742   0.0192764 0.000203044
0.00541176   0.496098   0.496098 0.00239289
     0.9678   0.0160257   0.0160261 0.000147911
   0.998649 0.000675364 0.000675245 4.06237e-07
   0.988425  0.00577681  0.00577431 2.38848e-05
   0.995472  0.00226241  0.00226173 4.14597e-06
   0.991577  0.00420585  0.00420424 1.32879e-05
     0.9706   0.0146368   0.0146366 0.000126382
          1 1.66056e-07 1.66056e-07 2.75248e-14
  0.972473  0.0137075  0.0137068 0.00011271
1.20001e-10    0.500001    0.499999  2.4929e-11
 0.0115294    0.49232    0.49232 0.00383016
0.0225958  0.485961   0.48596 0.0054831
   0.989632  0.00517529  0.00517314 1.95103e-05
 0.389339  0.300074  0.300106 0.0104821
   0.935681   0.0319193   0.0319301 0.000469521
   0.990073  0.00495571  0.00495368 1.80098e-05
    0.99983 8.50824e-05 8.50768e-05 6.94614e-09
   0.927291    0.036062   0.0360763 0.000571007
1.34988e-10    0.500001    0.499999 2.68777e-11
 0.0530538   0.469518   0.469519 0.00790883
   0.992241  0.00387448  0.00387304 1.14051e-05
0.00193275   0.498463   0.498463 0.00114082
1.04324e-11         0.5         0.5   4.683e-12
6.78609e-10    0.500005    0.499995 9.84788e-11
   0.996536  0.00173111  0.00173065 2.49155e-06
   0.914579   0.0423338   0.0423527 0.000734768
   0.996741  0.00162841  0.00162799 2.21687e-06
0.000747854    0.499361    0.499361 0.000530002
   0.912301   0.0434573   0.0434762 0.000765216
   0.975072    0.012417   0.0124158 9.47516e-05
1.75267e-10    0.500002    0.499998 3.12226e-11
 0.00116413    0.499036    0.499036 0.000764172
6.57378e-05    0.499938    0.499938  5.8973e-05
   0.947034   0.0263086   0.0263152 0.000342301
   0.897743    0.050636   0.0506543 0.000966472
   0.971163   0.0143578   0.0143573 0.000122213
0.0124787  0.491757  0.491757 0.0040073
   0.990962   0.0045122  0.00451042 1.51408e-05
   0.967407   0.0162208   0.0162213 0.000151037
 0.0397155   0.476609   0.476608 0.00706706
    0.99664  0.00167913  0.00167869 2.35066e-06
   0.904352   0.0473778   0.0473966 0.000873783
   0.986653  0.00665941  0.00665643 3.09814e-05
1.06444e-11         0.5         0.5 4.32241e-12
 0.226036   0.38146  0.381482 0.0110224
  0.969337  0.0152637  0.0152637 0.00013594
   0.996558  0.00171991  0.00171945 2.46088e-06
   0.978428   0.0107502   0.0107483 7.34198e-05
   0.999645 0.000177671 0.000177655 2.97402e-08
   0.959582   0.0200986   0.0201012 0.000218027
  0.951174   0.024261  0.0242662 0.00029923
0.000250673    0.499773    0.499773 0.000203859
 2.3235e-10    0.500002    0.499998 3.76433e-11
    0.96284   0.0184845   0.0184862 0.000189054
   0.999994 2.93063e-06 2.93061e-06  8.5231e-12
    0.97513   0.0123886   0.0123873 9.43692e-05
3.06191e-09    0.500002    0.499998 1.35157e-10
   0.993536  0.00322836  0.00322724 8.10767e-06
   0.999547 0.000226488 0.000226464 4.79593e-08
   0.956962   0.0213962   0.0213996 0.000242374
   0.981212   0.0093667  0.00936435 5.74144e-05
   0.969425   0.0152199   0.0152199 0.000135263
1.68055e-13         0.5         0.5 7.52202e-14
    0.9606  0.0195946  0.0195969 0.00020882
 0.0538044   0.469122   0.469124 0.00794957
  0.961667   0.019066   0.019068 0.00019932
1.09758e-08     0.49998     0.50002 3.40855e-10
    0.99786  0.00106957  0.00106934 9.89114e-07
   0.957805   0.0209785   0.0209817 0.000234437
  0.576182   0.207612   0.207647 0.00855883
    0.99155  0.00421925  0.00421763 1.33667e-05
    0.99315  0.00342115  0.00341994 9.03886e-06
1.11661e-11         0.5         0.5 4.48434e-12
1.26946e-06   0.0012042  0.00120397    0.997591
   0.997293  0.00135291  0.00135259 1.55441e-06
   0.922346   0.0385018   0.0385183 0.000633377
   0.997427  0.00128593  0.00128563 1.41001e-06
   0.999996 1.86874e-06 1.86873e-06 3.47093e-12
   0.998634 0.000682689 0.000682569 4.14839e-07
0.00841476   0.494205   0.494205 0.00317499
   0.992137  0.00392644  0.00392497 1.16919e-05
   0.937501   0.0310205   0.0310306 0.000448303
      0.994  0.00299711  0.00299611 7.05122e-06
   0.999213  0.00039362 0.000393566 1.41804e-07
   0.990946  0.00452038  0.00451859 1.51917e-05
   0.976433   0.0117414   0.0117399 8.58445e-05
   0.994139  0.00292752  0.00292655 6.74635e-06
   0.963939   0.0179402   0.0179416 0.000179627
   0.997955  0.00102235  0.00102213 9.06614e-07
   0.950509   0.0245899   0.0245953 0.000306017
   0.999995 2.58718e-06 2.58716e-06 6.64554e-12
   0.932999    0.033244   0.0332558 0.000501329
1.19285e-16         0.5         0.5 1.63533e-14
2.68503e-05    0.499974    0.499974 2.50331e-05
  0.891969   0.053482  0.0534996 0.00104903
   0.985623  0.00717223  0.00716934 3.54617e-05
   0.967006   0.0164195   0.0164201 0.000154246
   0.998374 0.000812605  0.00081245 5.81605e-07
3.00452e-15         0.5         0.5  2.9412e-15
0.000421675    0.499627    0.499627 0.000323803
 0.0141298   0.490788   0.490787 0.00429531
   0.998141  0.00092932 0.000929131  7.5406e-07
   0.996032  0.00198244  0.00198188 3.22601e-06
   0.999709 0.000145658 0.000145646  2.0101e-08
 0.0126658   0.491647   0.491646 0.00404115
   0.997681  0.00115923  0.00115897 1.15502e-06
   0.978756   0.0105875   0.0105855 7.14546e-05
   0.985677  0.00714515  0.00714225 3.52187e-05
   0.995112  0.00244215   0.0024414 4.79191e-06
   0.999525  0.00023755 0.000237525 5.26735e-08
0.00044941   0.499604   0.499604 0.00034236
  0.995945 0.00202598  0.0020254 3.3621e-06
 7.3651e-10    0.500005    0.499995 9.52385e-11
   0.963661   0.0180779   0.0180793 0.000181995
   0.948911   0.0253804   0.0253863 0.000322537
   0.986189  0.00689043  0.00688748 3.29679e-05
0.00700594   0.495082   0.495081 0.00283107
   0.996624  0.00168708  0.00168663 2.37197e-06
   0.992061  0.00396437  0.00396288 1.19032e-05
   0.961285   0.0192552   0.0192573 0.000202702
   0.964703   0.0175611   0.0175623 0.000173166
6.91941e-10    0.500005    0.499995 6.93932e-11
   0.905747   0.0466897   0.0467085 0.000854481
   0.994041  0.00297675  0.00297575 6.96136e-06
   0.986188  0.00689093  0.00688799 3.29723e-05
    0.93419   0.0326557   0.0326671 0.000487125
   0.999749 0.000125472 0.000125462 1.49735e-08
   0.998793 0.000603434 0.000603334 3.26361e-07
   0.982446  0.00875292   0.0087504 5.08363e-05
2.49319e-10    0.499996    0.500004 2.08123e-10
   0.990976  0.00450532  0.00450354 1.50981e-05
   0.955796   0.0219734   0.0219772 0.000253494
   0.980202  0.00986873  0.00986655 6.30369e-05
   0.995626  0.00218542  0.00218478 3.88244e-06
   0.985615  0.00717632  0.00717343 3.54985e-05
   0.940813    0.029384   0.0293928 0.000410462
   0.977317   0.0113024   0.0113007 8.02456e-05
   0.999344 0.000327742 0.000327701 9.90713e-08
 8.6443e-13         0.5         0.5 4.91703e-13
   0.953359   0.0231796   0.0231841 0.000277285
   0.976784   0.0115668   0.0115652 8.35996e-05
0.000138171    0.499872    0.499872 0.000118268
     0.9903  0.00484243  0.00484047 1.72564e-05
0.00307707   0.497654   0.497654 0.00161514
    0.99725  0.00137437  0.00137404 1.60206e-06
   0.939682   0.0299429   0.0299521 0.000423268
  0.952449  0.0236297  0.0236345 0.00028635
   0.973586   0.0131551   0.0131542 0.000104874
0.00174664   0.498599   0.498599 0.00105488
  0.693033   0.150017   0.150051 0.00689912
0.000224377    0.499796    0.499796 0.000184419
   0.909895   0.0446443   0.0446632 0.000797718
   0.938221   0.0306645   0.0306743 0.000439983
   0.967094   0.0163757   0.0163763 0.000153537
   0.989359  0.00531117  0.00530894 2.04648e-05
    0.97724   0.0113402   0.0113386 8.07222e-05
   0.989013  0.00548406  0.00548172 2.17079e-05
   0.999854 7.32343e-05 7.32298e-05 5.16161e-09
   0.984233   0.0078639  0.00786115 4.19045e-05
   0.987259  0.00635754  0.00635468 2.84655e-05
   0.976612   0.0116525    0.011651 8.46988e-05
3.92712e-10    0.500003    0.499997 5.11404e-11
   0.991842  0.00407365   0.0040721 1.25215e-05
   0.931051   0.0342059   0.0342186 0.000524815
   0.963544    0.018136   0.0181375 0.000182998
   0.979366   0.0102842   0.0102822 6.78512e-05
2.29236e-10    0.500002    0.499998    3.69e-11
   0.999955 2.27426e-05 2.27419e-05 5.06292e-10
   0.998893 0.000553602 0.000553513 2.75947e-07
 2.6467e-10    0.500003    0.499997 1.27515e-10
    0.99802 0.000989473 0.000989267 8.51183e-07
   0.917672   0.0408076   0.0408264 0.000693919
 0.0837524   0.453523    0.45353 0.00919466
   0.985331  0.00731744  0.00731458 3.67767e-05
   0.945108   0.0272609   0.0272682 0.000362978
1.48038e-10    0.500001    0.499999 2.84966e-11
   0.912804   0.0432092   0.0432281 0.000758466
   0.967791   0.0160302   0.0160306 0.000147983
   0.935206   0.0321538   0.0321648 0.000475105
    0.97442   0.0127411     0.01274 9.91464e-05
  0.891969   0.053482  0.0534996 0.00104903
   0.995439  0.00227859  0.00227791 4.20237e-06
   0.999274 0.000362964 0.000362917 1.20999e-07
9.10028e-12         0.5         0.5 3.82869e-12
   0.953666   0.0230277   0.0230321 0.000274248
   0.964955   0.0174363   0.0174374 0.000171059
   0.982984  0.00848519   0.0084826 4.80711e-05
   0.999331 0.000334569 0.000334526 1.03156e-07
   0.999826 8.68258e-05   8.682e-05 7.23068e-09
  0.940323  0.0296259  0.0296349 0.00041599
   0.999045 0.000477381 0.000477309 2.06725e-07
   0.979623   0.0101562   0.0101542 6.63528e-05
7.59358e-10    0.500005    0.499995 7.24142e-11
   0.984551  0.00770557  0.00770279 4.03899e-05
   0.981529  0.00920896  0.00920657 5.56924e-05
4.22668e-07 0.000684816  0.00068471     0.99863
   0.977154   0.0113834   0.0113818 8.12677e-05
   0.985774   0.0070972   0.0070943 3.47903e-05
 0.0140272   0.490848   0.490847 0.00427808
    0.99983 8.51518e-05 8.51462e-05 6.95736e-09
   0.983135  0.00841004  0.00840743 4.73066e-05
4.15505e-06  0.00222156  0.00222102    0.995553
   0.971859   0.0140124   0.0140119 0.000117129
    0.97211   0.0138878   0.0138871 0.000115315
    0.99069  0.00464807  0.00464622 1.59966e-05
7.11787e-13         0.5         0.5 4.03808e-13
   0.944507   0.0275581   0.0275656 0.000369512
   0.996262  0.00186767  0.00186715 2.87975e-06
   0.928698   0.0353675   0.0353812 0.000553591
0.00500066   0.496365   0.496365 0.00226947
   0.969453   0.0152059   0.0152059 0.000135048
   0.976601   0.0116579   0.0116563 8.47677e-05
0.000878552    0.499257    0.499257 0.000606476
   0.98849 0.00574421 0.00574173 2.3638e-05
7.27971e-10    0.500005    0.499995 9.57085e-11
   0.999909 4.54986e-05 4.54965e-05 2.00851e-09
 0.00159264    0.498713    0.498713 0.000981448
   0.999677 0.000161564  0.00016155 2.46603e-08
   0.983483  0.00823682  0.00823417 4.55637e-05
   0.981417   0.0092646  0.00926223 5.62974e-05
   0.994516  0.00273935  0.00273846 5.95272e-06
0.00651683    0.49539    0.49539  0.0027028
   0.999998 1.05991e-06 1.05991e-06 1.11826e-12
   0.993368  0.00331221  0.00331105 8.50708e-06
   0.998261 0.000869428 0.000869257 6.62915e-07
    0.99301  0.00349109  0.00348985 9.38786e-06
   0.995512  0.00224241  0.00224174 4.07675e-06
   0.985618  0.00717479   0.0071719 3.54847e-05
   0.965387   0.0172221   0.0172231 0.000167463
   0.996592  0.00170303  0.00170258 2.41498e-06
   0.962799   0.0185047   0.0185065 0.000189409
7.30804e-12         0.5         0.5 3.63241e-12
   0.980314  0.00981312  0.00981092 6.24036e-05
   0.999508 0.000245839 0.000245812 5.63466e-08
 0.0364626   0.478359   0.478358 0.00682012
   0.978024   0.0109512   0.0109493 7.58756e-05
   0.897346   0.0508318     0.05085 0.000972106
   0.996649  0.00167459  0.00167415 2.33855e-06
7.76098e-10    0.500005    0.499995 9.30934e-11
  0.930221  0.0346155  0.0346286 0.00053491
   0.943004    0.028301   0.0283091 0.000386008
   0.994431  0.00278193  0.00278102 6.12834e-06
   0.941414   0.0290868   0.0290955 0.000403705
   0.967166   0.0163404   0.0163409 0.000152965
   0.997836  0.00108142  0.00108118 1.01033e-06
   0.998754 0.000622775 0.000622669 3.47016e-07
   0.976004   0.0119545   0.0119531 8.86162e-05
   0.001605    0.498704    0.498704 0.000987425
   0.917385   0.0409492   0.0409681 0.000697684
1.66255e-12         0.5         0.5 1.23524e-12
   0.993052  0.00347017  0.00346893 9.28282e-06
7.81593e-13         0.5         0.5  7.0519e-13
   0.950712   0.0244893   0.0244946 0.000303935
   0.990769  0.00460854   0.0046067 1.57454e-05
   0.999992 3.99641e-06 3.99636e-06  1.5829e-11
5.67823e-13         0.5         0.5 5.56249e-13
   0.996586  0.00170589  0.00170544 2.42272e-06
    0.92083   0.0392501   0.0392673 0.000652861
   0.971051    0.014413   0.0144126 0.000123034
   0.993131  0.00343078  0.00342956 9.08654e-06
   0.904632   0.0472396   0.0472583 0.000869897
3.01832e-09    0.500003    0.499997 1.28454e-10
   0.997627  0.00118627  0.00118601 1.20745e-06
   0.997297  0.00135085  0.00135053 1.54987e-06
 0.0264962   0.483794   0.483793 0.00591686
2.10626e-10    0.500002    0.499998 3.50255e-11
   0.997891  0.00105411  0.00105388 9.61722e-07
7.16178e-11    0.500001    0.499999 1.52137e-10
   0.972708   0.0135909   0.0135901 0.000111037
   0.913685   0.0427748   0.0427938 0.000746684
   0.938878   0.0303401   0.0303497 0.000432445
 0.0128974    0.49151    0.49151 0.00408262
0.000460137    0.499595    0.499595 0.000349479
   0.999273 0.000363244 0.000363196 1.21182e-07
3.07935e-09    0.500002    0.499998 1.37442e-10
   0.990072  0.00495616  0.00495413 1.80128e-05
2.77796e-12         0.5         0.5 1.45186e-12
   0.980492  0.00972423    0.009722 6.13966e-05
   0.944197   0.0277113   0.0277189 0.000372893
   0.974009   0.0129452   0.0129442 0.000101955
   0.939277    0.030143   0.0301524 0.000427884
1.01264e-08    0.499981    0.500019 3.28609e-10
0.00483496   0.496473   0.496473 0.00221833
    0.94577   0.0269337   0.0269407 0.000355829
   0.991867  0.00406085  0.00405931 1.24484e-05
   0.997617  0.00119113  0.00119086 1.21698e-06
   0.959441   0.0201685   0.0201711 0.000219315
   0.988139  0.00591935  0.00591676 2.49771e-05
   0.989582  0.00520027   0.0051981 1.96843e-05
   0.921886   0.0387288   0.0387456 0.000639271
 0.232181  0.378381  0.378404 0.0110334
    0.93573    0.031895   0.0319058 0.000468943
   0.954268   0.0227297    0.022734 0.000268325
   0.994616  0.00268974  0.00268888 5.75101e-06
   0.993935   0.0030296  0.00302858 7.19563e-06
  0.977296  0.0113124  0.0113108 8.0372e-05
   0.999927 3.64454e-05 3.64438e-05 1.29282e-09
   0.950214   0.0247357   0.0247413 0.000309043
   0.973775   0.0130611   0.0130601 0.000103563
3.46654e-11         0.5         0.5 1.08669e-11
    0.99498  0.00250799  0.00250721 5.03916e-06
   0.992072  0.00395865  0.00395716 1.18712e-05
 0.0241104   0.485116   0.485115 0.00565822
   0.902597   0.0482433   0.0482619 0.000898199
   0.956713   0.0215192   0.0215227 0.000244728
   0.999265 0.000367452 0.000367404 1.23945e-07
0.00165618   0.498666   0.498666 0.00101201
   0.986445   0.0067633  0.00676033 3.18682e-05
  0.969174  0.0153444  0.0153445 0.00013719
    0.99963 0.000185191 0.000185173 3.22708e-08
   0.940771   0.0294048   0.0294136 0.000410937
   0.955995   0.0218749   0.0218786 0.000251583
  0.853187  0.0713475  0.0713744 0.00409143
   0.984989  0.00748753  0.00748471 3.83426e-05
2.95027e-09    0.500005    0.499995 1.02464e-10
6.92714e-07   0.0008821 0.000881949    0.998235
   0.998234 0.000882532 0.000882357  6.8238e-07
    0.94196   0.0288172   0.0288256 0.000397604
 0.116162  0.436907  0.436918 0.0100125
   0.999868 6.59414e-05 6.59376e-05 4.19298e-09
   0.997701  0.00114892  0.00114866 1.13533e-06
   0.998619  0.00069024 0.000690118 4.23797e-07
2.08474e-10    0.500002    0.499998 3.48033e-11
    0.96033   0.0197282   0.0197306 0.000211248
   0.993763  0.00311536  0.00311429 7.58311e-06
1.05351e-11         0.5         0.5 4.28818e-12
7.37829e-13         0.5         0.5 6.75618e-13
1.1353e-12        0.5        0.5 6.4246e-13
   0.989343  0.00531942  0.00531719 2.05234e-05
1.42784e-11         0.5         0.5  5.8493e-12
   0.997267  0.00136608  0.00136575 1.58357e-06
   0.986413  0.00677883  0.00677587 3.20017e-05
1.11882e-10    0.500001    0.499999 2.38286e-11
   0.959778   0.0200017   0.0200042 0.000216245
1.13968e-06   0.0011392  0.00113899    0.997721
0.00877143   0.493986   0.493986 0.00325673
   0.954738   0.0224971   0.0225012 0.000263731
   0.997235  0.00138164  0.00138131 1.61836e-06
   0.980924  0.00950955  0.00950725 5.89923e-05
5.19902e-07 0.000761413  0.00076129    0.998477
   0.994513   0.0027411  0.00274022 5.95991e-06
   0.975563   0.0121734   0.0121721 9.15001e-05
   0.999511  0.00024468 0.000244653 5.58256e-08
   0.985182  0.00739172  0.00738888 3.74572e-05
 0.0364819   0.478349   0.478348 0.00682165
  0.891969   0.053482  0.0534996 0.00104903
1.02189e-10    0.500001    0.499999 2.24687e-11
   0.961975   0.0189131    0.018915 0.000196601
   0.999755 0.000122637 0.000122627 1.43126e-08
  0.983181 0.00838738 0.00838477 4.7077e-05
   0.997304  0.00134751  0.00134718 1.54252e-06
   0.987797  0.00608967  0.00608698 2.63098e-05
   0.963829   0.0179943   0.0179957 0.000180556
   0.953606   0.0230574   0.0230619 0.000274841
    0.99868 0.000659897 0.000659783 3.88358e-07
   0.998058 0.000970559 0.000970358 8.20044e-07
   0.964987   0.0174207   0.0174218 0.000170796
   0.998325 0.000837273 0.000837111 6.16282e-07
    0.99215  0.00391993  0.00391847 1.16558e-05
  0.967558  0.0161457  0.0161461 0.00014983
   0.996899   0.0015498  0.00154941 2.01671e-06
   0.996343  0.00182713  0.00182664 2.76181e-06
  0.891969   0.053482  0.0534996 0.00104903
   0.960762   0.0195143   0.0195166 0.000207367
   0.989638  0.00517212  0.00516997 1.94882e-05
   0.960447   0.0196703   0.0196727 0.000210194
   0.999916 4.21414e-05 4.21395e-05   1.725e-09
   0.997828  0.00108584  0.00108561 1.01832e-06
   0.953691   0.0230152   0.0230196 0.000273998
   0.962149   0.0188271    0.018829 0.000195079
 0.922608 0.0373774 0.0373977 0.0026171
   0.973464   0.0132154   0.0132145 0.000105718
 0.0777339   0.456634   0.456639 0.00899265
   0.998817  0.00059158 0.000591482 3.14002e-07
   0.964852   0.0174876   0.0174888 0.000171924
   0.998862  0.00056872 0.000568628 2.90814e-07
3.36658e-08    0.499934    0.500066 6.66513e-10
  0.891969   0.053482  0.0534996 0.00104903
2.19548e-12         0.5         0.5 1.51661e-12
1.06409e-11         0.5         0.5 4.74934e-12
3.49507e-10    0.500003    0.499997 4.74545e-11
4.98195e-12         0.5         0.5  2.7572e-12
   0.987832  0.00607232  0.00606964 2.61726e-05
   0.992319   0.0038357  0.00383428 1.11931e-05
   0.987566  0.00620486   0.0062021 2.72278e-05
1.57891e-11         0.5         0.5 6.27935e-12
   0.999172 0.000413768 0.000413711 1.56345e-07
    0.94786      0.0259   0.0259063 0.000333553
   0.982717  0.00861817  0.00861562 4.94366e-05
0.000932451    0.499215    0.499215 0.000637171
    0.97136     0.01426   0.0142595 0.000120765
   0.909944   0.0446201    0.044639 0.000797051
   0.943681   0.0279662    0.027974 0.000378544
0.000707113    0.499394    0.499394 0.000505525
   0.999235 0.000382505 0.000382454 1.34077e-07
    0.97733   0.0112959   0.0112942 8.01638e-05
   0.951813   0.0239449   0.0239499 0.000292756
0.00538115   0.496118   0.496117 0.00238386
   0.989683  0.00514991  0.00514777 1.93342e-05
   0.979208   0.0103625   0.0103605 6.87745e-05
   0.964612   0.0176066   0.0176079 0.000173938
   0.949186   0.0252442     0.02525 0.000319669
   0.995787  0.00210489  0.00210428 3.61532e-06
  0.997629 0.00118482 0.00118455 1.2046e-06
  0.921411  0.0389635  0.0389805 0.00064538
 0.0184089   0.488323   0.488322 0.00494643
2.96419e-09    0.500005    0.499995 9.24074e-11
0.324347 0.332377 0.332406 0.010871
    0.99993  3.4816e-05 3.48145e-05 1.18053e-09
   0.999429 0.000285571 0.000285538 7.56202e-08
 0.0216947   0.486466   0.486465 0.00537449
   0.991336  0.00432576  0.00432408 1.40005e-05
   0.999351  0.00032442  0.00032438 9.71129e-08
  0.994788 0.00260368 0.00260285 5.4086e-06
  0.895321  0.0518299  0.0518479 0.00100094
  2.555e-11 5.07999e-06 5.07991e-06     0.99999
   0.959574   0.0201025   0.0201051 0.000218099
   0.991469  0.00425954   0.0042579 1.36049e-05
    0.98878      0.0056   0.0055976 2.25593e-05
   0.994997  0.00249921  0.00249843 5.00587e-06
   0.993832  0.00308064   0.0030796 7.42514e-06
   0.988499  0.00573996  0.00573748 2.36059e-05
  0.891969   0.053482  0.0534996 0.00104903
   0.936935   0.0312997     0.03131 0.000454863
  0.997024 0.00148714 0.00148677 1.8635e-06
   0.944214   0.0277029   0.0277105 0.000372709
   0.999528 0.000235841 0.000235816 5.19309e-08
0.000895515    0.499244    0.499244 0.000616187
9.84648e-07  0.00105669  0.00105649    0.997886
   0.933405   0.0330435   0.0330552 0.000496475
4.74118e-08         0.5         0.5 4.72733e-08
    0.94654    0.026553   0.0265598 0.000347571
   0.967897   0.0159777    0.015978 0.000147145
2.18014e-06    0.499998    0.499998  2.1366e-06
   0.974075   0.0129122   0.0129111 0.000101498
7.49031e-13         0.5         0.5 6.83229e-13
   0.995457  0.00226985  0.00226917 4.17185e-06
 6.2036e-11    0.500001    0.499999 1.56733e-11
9.49267e-07    0.001037  0.00103681    0.997925
   0.920517   0.0394046    0.039422 0.000656903
   0.988249  0.00586456    0.005862 2.45547e-05
 0.0338983   0.479746   0.479745 0.00661075
 0.0159329   0.489741   0.489741 0.00458471
   0.939183   0.0301892   0.0301987 0.000428952
   0.986433  0.00676881  0.00676584 3.19156e-05
   0.986348  0.00681144  0.00680848 3.22828e-05
   0.945022   0.0273035   0.0273108 0.000363912
   0.966616   0.0166128   0.0166135 0.000157392
   0.982492  0.00872996  0.00872743 5.05966e-05
   0.994802  0.00259682  0.00259599 5.38171e-06
   0.964883    0.017472   0.0174732 0.000171661
   0.996805  0.00159665  0.00159624 2.13493e-06
   0.948318   0.0256734   0.0256796 0.000328734
1.51689e-08 0.000126135 0.000126126    0.999748
   0.991655  0.00416701  0.00416542 1.30607e-05
   0.989822   0.0050808   0.0050787 1.88582e-05
  0.949972  0.0248552  0.0248609 0.00031153
   0.954683   0.0225242   0.0225283 0.000264265
4.63185e-10    0.500003    0.499997 5.56766e-11
6.55846e-13         0.5         0.5 3.71035e-13
3.04049e-11         0.5         0.5 9.45791e-12
 1.1087e-11         0.5         0.5 4.88992e-12
1.42308e-11         0.5         0.5 5.83553e-12
    0.99998  1.0114e-05 1.01138e-05 1.00846e-10
   0.979525    0.010205   0.0102029 6.69217e-05
   0.999211 0.000394638 0.000394584 1.42522e-07
   0.967236   0.0163056   0.0163062 0.000152404
   0.977942   0.0109916   0.0109898 7.63737e-05
   0.998051 0.000974328 0.000974126 8.26206e-07
 0.0234236   0.485499   0.485498 0.00557993
   0.999354 0.000322831 0.000322791 9.61829e-08
   0.992212  0.00388907  0.00388762 1.14853e-05
   0.998057 0.000971223 0.000971023 8.21129e-07
  0.891969   0.053482  0.0534996 0.00104903
   0.991738  0.00412541  0.00412384 1.28192e-05
   0.999069 0.000465667 0.000465598  1.9694e-07
   0.998694 0.000652872 0.000652759 3.80363e-07
   0.974264   0.0128186   0.0128175 0.000100209
   0.957647   0.0210572   0.0210603 0.000235924
   0.928684   0.0353743    0.035388 0.000553759
   0.998665 0.000667144 0.000667028 3.96687e-07
  0.939587  0.0299898  0.0299991 0.00042435
1.06483e-12         0.5         0.5 8.87541e-13
   0.958531   0.0206192   0.0206221 0.000227685
   0.999574 0.000212963 0.000212942 4.24888e-08
   0.997919  0.00104035  0.00104012 9.37651e-07
   0.964438   0.0176926   0.0176938 0.000175397
   0.956681   0.0215351   0.0215385 0.000245033
   0.991386  0.00430083  0.00429916 1.38509e-05
    0.97446    0.012721   0.0127199 9.88712e-05
   0.997942  0.00102848  0.00102827 9.17138e-07
   0.948729     0.02547   0.0254761 0.000324429
 0.00157477    0.498726    0.498726 0.000972778
   0.983678  0.00813998   0.0081373 4.46011e-05
 0.0675273   0.461934   0.461938 0.00860088
  0.966853  0.0164955  0.0164961 0.00015548
   0.987871  0.00605306  0.00605039 2.60208e-05
3.03024e-10    0.500002    0.499998 4.40706e-11
   0.987511  0.00623207   0.0062293 2.74467e-05
3.80603e-07  0.00064905 0.000648952    0.998702
   0.953487   0.0231162   0.0231207 0.000276016
   0.993504  0.00324453  0.00324341 8.18403e-06
   0.999984 8.00285e-06  8.0027e-06 6.32391e-11
   0.999059 0.000470557 0.000470487 2.00998e-07
7.54433e-10    0.500005    0.499995  7.2512e-11
   0.956939   0.0214075   0.0214109 0.000242589
 0.0022012   0.498269   0.498269 0.00125987
 0.0204013   0.487193   0.487193 0.00521229
  0.968408  0.0157243  0.0157246 0.00014313
  0.984184 0.00788819 0.00788545 4.2139e-05
   0.925537   0.0369273   0.0369424 0.000592918
   0.974997   0.0124546   0.0124534 9.52573e-05
   0.962906   0.0184517   0.0184534 0.000188482
8.26075e-10    0.500005    0.499995  7.5547e-11
   0.994216  0.00288939  0.00288844 6.58192e-06
   0.898587   0.0502199   0.0502383 0.000954522
   0.968849   0.0155055   0.0155056 0.000139696
   0.994625  0.00268487  0.00268401 5.73137e-06
   0.997823  0.00108794   0.0010877 1.02212e-06
   0.957245   0.0212561   0.0212594 0.000239701
   0.995576  0.00221032  0.00220966 3.96679e-06
0.000871899    0.499263    0.499263 0.000602654
   0.994363   0.0028159  0.00281498 6.27015e-06
 0.0125489   0.491716   0.491715 0.00402004
 0.0118069   0.492155   0.492155 0.00388289
   0.999558 0.000221162  0.00022114 4.57667e-08
   0.976585   0.0116656   0.0116641 8.48674e-05
   0.971813   0.0140349   0.0140343 0.000117457
   0.985235  0.00736539  0.00736253 3.72153e-05
   0.999915 4.24369e-05  4.2435e-05 1.74909e-09
   0.951071   0.0243117   0.0243169 0.000300273
   0.997842  0.00107886  0.00107862 1.00573e-06
   0.976766   0.0115757   0.0115741 8.37137e-05
   0.998726  0.00063692 0.000636811 3.62506e-07
4.21304e-13         0.5         0.5 2.30379e-13
   0.947867   0.0258967   0.0259031 0.000333484
   0.980413  0.00976383  0.00976161 6.18444e-05
   0.934011   0.0327442   0.0327557 0.000489255
 0.00154324     0.49875     0.49875 0.000957407
2.93215e-06  0.00185471  0.00185429    0.996288
6.06147e-05    0.499942    0.499942 5.46063e-05
   0.973545   0.0131754   0.0131745 0.000105158
   0.996109  0.00194415  0.00194361 3.10848e-06
 0.00011882    0.499889    0.499889 0.000102819
   0.999907 4.63191e-05 4.63168e-05 2.08103e-09
   0.927747   0.0358368   0.0358509 0.000565342
 0.0623463   0.464638   0.464641 0.00837404
   0.992005  0.00399219  0.00399069 1.20593e-05
   0.968277   0.0157895   0.0157898 0.000144159
2.19094e-11         0.5         0.5 7.90257e-12
   0.951122   0.0242867   0.0242919 0.000299758
   0.999992 3.98112e-06 3.98107e-06 1.57084e-11
   0.993486  0.00325357  0.00325244 8.22685e-06
5.64954e-10    0.499993    0.500007 2.29385e-10
   0.968173   0.0158407    0.015841 0.000144969
6.95067e-12         0.5         0.5 3.09818e-12
 2.7668e-12         0.5         0.5 1.79736e-12
   0.967408   0.0162202   0.0162207 0.000151027
 3.1629e-10    0.500003    0.499997 4.47678e-11
   0.999562 0.000218742 0.000218719 4.47866e-08
  0.918223  0.0405359  0.0405545 0.00068671
0.00672492   0.495259   0.495258 0.00275798
   0.999883 5.83873e-05 5.83842e-05 3.29438e-09
  0.33939  0.324891  0.324921 0.0107977
4.97231e-05    0.499953    0.499953 4.52269e-05
   0.970173   0.0148488   0.0148486 0.000129583
8.40169e-10    0.500006    0.499994   8.973e-11
    0.94903   0.0253214   0.0253274 0.000321295
   0.973106   0.0133935   0.0133927 0.000108229
7.48125e-10    0.500005    0.499995 7.22055e-11
   0.989449  0.00526634  0.00526413 2.01477e-05
    0.96639   0.0167251   0.0167258 0.000159231
   0.982973   0.0084906  0.00848801 4.81264e-05
  0.891969   0.053482  0.0534996 0.00104903
   0.910432   0.0443794   0.0443983 0.000790435
   0.99297 0.00351091 0.00350965 9.4878e-06
 0.00048926    0.499571    0.499571 0.000368646
   0.986188  0.00689093  0.00688799 3.29723e-05
   0.906905    0.046119   0.0461379 0.000838551
6.23727e-06    0.499994    0.499994 6.02843e-06
   0.947101   0.0262754    0.026282 0.000341588
   0.996508  0.00174493  0.00174447 2.52967e-06
 0.0166115   0.489351    0.48935 0.00468766
    0.95532   0.0222088   0.0222127 0.000258078
   0.977204   0.0113586   0.0113569 8.09536e-05
   0.998826 0.000586659 0.000586562 3.08937e-07
   0.998562 0.000718708 0.000718578 4.58387e-07
3.55434e-10 1.90343e-05 1.90337e-05    0.999962
 0.0063856   0.495474   0.495473 0.00266751
   0.997551  0.00122417  0.00122389 1.28274e-06
   0.985024  0.00747041  0.00746758 3.81837e-05
  0.913681  0.0427765  0.0427955 0.00074673
     0.9367   0.0314162   0.0314266 0.000457607
   0.951472   0.0241135   0.0241186 0.000296204
    0.98794  0.00601845   0.0060158 2.57489e-05
   0.999999 5.84761e-07 5.84762e-07 3.40783e-13
   0.999752 0.000123967 0.000123957 1.46209e-08
4.94887e-10    0.500004    0.499996  1.0977e-10
  0.94405 0.0277839 0.0277916 0.0003745
   0.986177  0.00689648  0.00689353 3.30207e-05
   0.953937   0.0228936   0.0228979 0.000271577
   0.999921  3.9385e-05 3.93833e-05 1.50818e-09
   0.995336  0.00233006  0.00232936 4.38406e-06
   0.980385  0.00977742  0.00977521 6.19983e-05
    0.98907  0.00545533  0.00545301 2.14991e-05
    0.96623   0.0168045   0.0168053 0.000160536
   0.913686   0.0427744   0.0427934 0.000746672
   0.999451  0.00027433 0.000274299 6.98884e-08
6.04198e-12         0.5         0.5 2.77044e-12
   0.980869  0.00953707  0.00953478 5.92984e-05
   0.933688   0.0329036   0.0329152 0.000493097
 1.7731e-10    0.500002    0.499998 3.14519e-11
    0.91202   0.0435962   0.0436151 0.000769002
  0.962057  0.0188724  0.0188743 0.00019588
   0.999999 4.36954e-07 4.36956e-07 1.90369e-13
   0.974468   0.0127173   0.0127162 9.88212e-05
   0.967633   0.0161085   0.0161089 0.000149234
  0.989053 0.00546413 0.00546181 2.1563e-05
   0.98485 0.00755667 0.00755386 3.8987e-05
   0.996409  0.00179458  0.00179409 2.66875e-06
          1 1.27838e-07 1.27838e-07 1.63167e-14
   0.989739  0.00512186  0.00511974 1.91404e-05
   0.945516   0.0270592   0.0270664 0.000358567
1.34429e-06  0.00124024  0.00123999    0.997518
   0.922712   0.0383215   0.0383378 0.000628705
   0.989079  0.00545116  0.00544885 2.14689e-05
   0.974377   0.0127625   0.0127613 9.94388e-05
   0.996695  0.00165171  0.00165128 2.27788e-06
0.00253803    0.49803    0.49803   0.001402
 0.00111561    0.499073    0.499073 0.000738193
   0.996481  0.00175823  0.00175776 2.56657e-06
   0.998499 0.000750265 0.000750127 4.98241e-07
  0.995858 0.00206931 0.00206872 3.5001e-06
8.10858e-07 0.000956358  0.00095619    0.998087
8.28543e-05    0.499922    0.499922 7.33743e-05
   0.994529  0.00273304  0.00273216 5.92689e-06
  0.989118 0.00543128 0.00542898 2.1325e-05
  0.894604  0.0521835  0.0522014 0.00101119
  0.891969   0.053482  0.0534996 0.00104903
1.24129e-06    0.499999    0.499999 1.22253e-06
   0.928453   0.0354885   0.0355023 0.000556613
   0.928265    0.035581   0.0355949 0.000558928
   0.997603   0.0011982  0.00119792 1.23091e-06
   0.997174  0.00141222  0.00141187 1.68775e-06
4.13225e-09    0.499996    0.500004 2.00643e-10
3.17786e-11         0.5         0.5 9.76491e-12
  0.891969   0.053482  0.0534996 0.00104903
0.000103509    0.499903    0.499903 9.04076e-05
   0.942624   0.0284887   0.0284969 0.000390212
   0.993871  0.00306114   0.0030601 7.33706e-06
   0.94491   0.027359  0.0273663 0.00036513
   0.998345 0.000827365 0.000827206 6.02239e-07
1.70193e-10    0.500002    0.499998 3.11014e-11
1.53098e-07  0.00040772 0.000407669    0.999184
   0.999195 0.000402532 0.000402477 1.48151e-07
   0.989648  0.00516758  0.00516544 1.94567e-05
   0.964917   0.0174552   0.0174563 0.000171376
   0.995305   0.0023458  0.00234508 4.44031e-06
   0.997428  0.00128568  0.00128537 1.40948e-06
   0.999977 1.16227e-05 1.16224e-05  1.3304e-10
0.000230205    0.499791    0.499791 0.000188754
3.53547e-05    0.499966    0.499966 3.26295e-05
   0.998231 0.000884229 0.000884054 6.84921e-07
    0.99994 3.02319e-05 3.02307e-05 8.91726e-10
2.3002e-11        0.5        0.5 7.7159e-12
   0.983115   0.0084203   0.0084177 4.74107e-05
    0.99758  0.00120944  0.00120916 1.25322e-06
   0.997305  0.00134699  0.00134667 1.54139e-06
  0.978187   0.010313  0.0103208 0.00117954
3.79079e-13         0.5         0.5 2.04556e-13
  0.891969   0.053482  0.0534996 0.00104903
4.17602e-11         0.5         0.5 1.18747e-11
   0.994858  0.00256877  0.00256796 5.27243e-06
5.94798e-08 0.000252067 0.000252042    0.999496
   0.972139   0.0138734   0.0138728 0.000115107
  0.754853   0.119611   0.119643 0.00589334
 0.0224678   0.486032   0.486032 0.00546789
  0.880959  0.0577443  0.0577689 0.00352738
  0.986095 0.00693737 0.00693443 3.3378e-05
   0.968328   0.0157639   0.0157642 0.000143755
2.41387e-10    0.500002    0.499998 3.85175e-11
   0.972601   0.0136442   0.0136434 0.000111801
2.83725e-12         0.5         0.5 1.47857e-12
 8.9113e-10    0.500006    0.499994 7.84327e-11
   0.981798   0.0090753  0.00907287 5.42502e-05
   0.965432      0.0172    0.017201 0.000167094
   0.991709  0.00413996  0.00413837 1.29034e-05
    0.99067  0.00465765  0.00465579 1.60577e-05
   0.991788  0.00410053  0.00409897 1.26757e-05
    0.95965   0.0200649   0.0200675 0.000217408
  0.932591  0.0334454  0.0334574 0.00050622
1.46805e-12         0.5         0.5 1.12652e-12
    0.90388   0.0476107   0.0476294 0.000880338
 0.428937  0.280433  0.280466 0.0101633
   0.996797  0.00160054  0.00160012 2.14488e-06
   0.993434  0.00327962  0.00327848 8.35082e-06
  0.663978   0.164323   0.164358 0.00734118
   0.998816 0.000591756 0.000591658 3.14184e-07
   0.991816  0.00408646  0.00408491 1.25949e-05
   0.993998  0.00299784  0.00299684 7.05444e-06
  0.109542   0.440286   0.440296 0.00987593
   0.959043   0.0203657   0.0203685 0.000222964
   0.971999   0.0139426    0.013942 0.000116111
   0.966047    0.016895   0.0168959 0.000162028
0.000556284    0.499516    0.499516 0.000411924
   0.979316    0.010309   0.0103069 6.81424e-05
 0.948847 0.0254118 0.0254178 0.0003232
   0.987244  0.00636538  0.00636252 2.85297e-05
0.000167312    0.499846    0.499846 0.000141085
   0.985149  0.00740826  0.00740542 3.76094e-05
   0.973277   0.0133084   0.0133075 0.000107027
7.79642e-12         0.5         0.5 3.39241e-12
2.06569e-10    0.500002    0.499998  1.3321e-10
   0.990766  0.00460984    0.004608 1.57536e-05
   0.987776  0.00610029  0.00609759 2.63938e-05
   0.998021  0.00098925 0.000989043 8.50812e-07
   0.963098   0.0183569   0.0183585 0.000186828
 0.00032654    0.499708    0.499708 0.000258349
  0.965376  0.0172279  0.0172289 0.00016756
   0.985678  0.00714464  0.00714174 3.52142e-05
   0.970009   0.0149303   0.0149302 0.000130823
   0.912738   0.0432418   0.0432608 0.000759353
  0.970647  0.0139692  0.0139803 0.00140311
    0.96685   0.0164968   0.0164974 0.000155501
   0.990042  0.00497089  0.00496885 1.81119e-05
   0.948038   0.0258119   0.0258182 0.000331677
   0.987905  0.00603574  0.00603308 2.58846e-05
   0.983398  0.00827921  0.00827656 4.59876e-05
3.60122e-10    0.500003    0.499997 4.82827e-11
   0.924656   0.0373623   0.0373778 0.000604022
    0.95694   0.0214068   0.0214102 0.000242576
   0.954673   0.0225295   0.0225336 0.000264369
9.56575e-05   0.0114729   0.0114682    0.976963
   0.989404  0.00528874  0.00528652 2.03059e-05
    0.98119  0.00937732  0.00937498 5.75311e-05
  0.977124  0.0113982  0.0113966 8.1455e-05
   0.997651  0.00117392  0.00117366 1.18337e-06
   0.997856  0.00107143   0.0010712 9.92421e-07
   0.999332 0.000334165 0.000334123 1.02912e-07
   0.996206  0.00189601  0.00189548 2.96355e-06
   0.994791  0.00260231  0.00260148 5.40321e-06
   0.998628 0.000685893 0.000685772  4.1863e-07
   0.977806   0.0110591   0.0110573 7.72079e-05
   0.997302  0.00134854  0.00134821 1.54478e-06
   0.989777   0.0051029  0.00510079 1.90098e-05
   0.927067   0.0361725   0.0361869 0.000573791
   0.950735   0.0244781   0.0244835 0.000303704
2.44604e-12         0.5         0.5 1.29966e-12
   0.940024   0.0297736   0.0297827 0.000419376
  0.037405   0.477851    0.47785 0.00689371
   0.944675    0.027475   0.0274825 0.000367682
    0.96019   0.0197974   0.0197998 0.000212508
   0.992321  0.00383449  0.00383307 1.11865e-05
0.00229487   0.498203   0.498202 0.00130016
0.00676051   0.495236   0.495236 0.00276733
   0.999974 1.29869e-05 1.29865e-05 1.65957e-10
3.88979e-06    0.499996    0.499996 3.78644e-06
     0.9885  0.00573949  0.00573701 2.36023e-05
  0.931687  0.0338918  0.0339042 0.00051711
   0.998429 0.000785261 0.000785114 5.44284e-07
   0.992927  0.00353232  0.00353106 9.59636e-06
   0.994633  0.00268105  0.00268019 5.71598e-06
   0.989559  0.00521164  0.00520947 1.97637e-05
7.07388e-13         0.5         0.5 4.01242e-13
    0.98606  0.00695456  0.00695163 3.35287e-05
   0.965668   0.0170827   0.0170837 0.000165139
1.24663e-11         0.5         0.5 5.31396e-12
0.000105061    0.499902    0.499902 9.16738e-05
   0.924874   0.0372547     0.03727 0.000601269
   0.988202  0.00588788  0.00588531 2.47341e-05
   0.967505    0.016172   0.0161725 0.000150253
1.27966e-11         0.5         0.5 4.97657e-12
   0.907023   0.0460608   0.0460797 0.000836931
   0.968326   0.0157652   0.0157655 0.000143775
 0.00070263    0.499397    0.499397 0.000502812
 3.8607e-08 0.000202429 0.000202411    0.999595
   0.999305 0.000347601 0.000347556 1.11174e-07
7.47578e-10    0.500005    0.499995 7.21788e-11
   0.970675   0.0145997   0.0145994 0.000125824
   0.911988    0.043612   0.0436309 0.000769432
   0.897858   0.0505794   0.0505976 0.000964843
  0.988904 0.00553796  0.0055356 2.2102e-05
 0.0247038   0.484786   0.484786 0.00572442
   0.990956  0.00451522  0.00451343 1.51596e-05
   0.996975  0.00151196  0.00151158 1.92351e-06
  0.908036  0.0455613  0.0455802 0.00082305
   0.975281   0.0123135   0.0123122 9.33644e-05
   0.966687    0.016578   0.0165787 0.000156824
    0.97542   0.0122446   0.0122433 9.24458e-05
9.33079e-12         0.5         0.5 4.32536e-12
0.123999 0.432915 0.432927 0.010158
0.00220942   0.498264   0.498264 0.00126343
   0.992528  0.00373145  0.00373008 1.06321e-05
   0.989264  0.00535891  0.00535665 2.08049e-05
   0.999189 0.000405475 0.000405419 1.50277e-07
   0.997015  0.00149198  0.00149161 1.87514e-06
   0.983694  0.00813197  0.00812929 4.45219e-05
3.61355e-07 0.000632048 0.000631953    0.998736
   0.976161   0.0118766   0.0118751 8.75984e-05
   0.998494 0.000752825 0.000752686 5.01542e-07
9.96241e-05    0.499907    0.499907 8.72303e-05
7.31762e-11    0.500001    0.499999 1.80354e-11
   0.993007  0.00349265   0.0034914 9.39567e-06
   0.970998   0.0144393    0.014439 0.000123426
  0.968409  0.0150562  0.0150683 0.00146672
   0.997941   0.0010294  0.00102918 9.18705e-07
  0.990852  0.0045674 0.00456559 1.5486e-05
   0.993542  0.00322535  0.00322424 8.09351e-06
   0.989763  0.00511012    0.005108 1.90595e-05
   0.998136  0.00093171 0.000931521 7.57813e-07
  0.907957  0.0456002  0.0456191 0.00082413
   0.996416  0.00179078   0.0017903 2.65799e-06
  0.993885 0.00305453 0.00305349 7.3073e-06
   0.997336  0.00133161  0.00133129 1.50777e-06
   0.994203  0.00289549  0.00289454 6.60811e-06
   0.961201   0.0192966   0.0192988 0.000203445
   0.946555   0.0265452    0.026552 0.000347402
   0.993535  0.00322911  0.00322799 8.11121e-06
   0.945846   0.0268961   0.0269032 0.000355011
0.157985 0.415687 0.415703 0.010625
   0.969669   0.0150987   0.0150987 0.000133399
   0.978861   0.0105353   0.0105333 7.08293e-05
   0.994782  0.00260677  0.00260594 5.42073e-06
   0.993415   0.0032887  0.00328756 8.39423e-06
   0.990102  0.00494099  0.00493897 1.79112e-05
2.11569e-06    0.499998    0.499998 2.07405e-06
  0.891969   0.053482  0.0534996 0.00104903
8.52083e-06    0.499992    0.499992  8.1887e-06
   0.985196  0.00738449  0.00738164 3.73907e-05
    0.99822 0.000889756 0.000889579 6.93226e-07
6.74312e-05    0.499936    0.499936 6.04104e-05
  0.891969   0.053482  0.0534996 0.00104903
    0.99815 0.000924764 0.000924577 7.46932e-07
   0.994978  0.00250867  0.00250788 5.04172e-06
   0.996312  0.00184306  0.00184256 2.80789e-06
0.000698506    0.499401    0.499401 0.000500313
   0.907698   0.0457275   0.0457464 0.000827663
   0.988814  0.00558813  0.00559777 2.15905e-08
  0.925248  0.0360879  0.0361078 0.00255607
   0.999652 0.000173919 0.000173903 2.85152e-08
    0.96927   0.0152968   0.0152968 0.000136451
1.02595e-12         0.5         0.5 5.82369e-13
1.92937e-11         0.5         0.5 7.22956e-12
   0.997075  0.00146171  0.00146134 1.80293e-06
   0.984972  0.00749636  0.00749353 3.84246e-05
   0.999644 0.000177771 0.000177754  2.9773e-08
1.92051e-16         0.5         0.5 1.91074e-16
   0.972481   0.0137037    0.013703 0.000112656
   0.974192   0.0128541    0.012853 0.000100697
   0.942771    0.028416   0.0284241 0.000388581
    0.99825 0.000874912  0.00087474 6.71029e-07
0.00284898   0.497812   0.497812 0.00152693
  0.891969   0.053482  0.0534996 0.00104903
   0.908862   0.0451536   0.0451725 0.000811765
          1 2.38323e-07 2.38324e-07 5.66749e-14
0.000265714     0.49976     0.49976 0.000214844
   0.933604   0.0329453    0.032957 0.000494103
1.41462e-12         0.5         0.5 7.91659e-13
2.41881e-13         0.5         0.5  2.9798e-13
   0.978054   0.0109359   0.0109341 7.56884e-05
   0.987618  0.00617865  0.00617591 2.70178e-05
8.35945e-06    0.499992    0.499992 8.03662e-06
 0.172578  0.408322  0.408339 0.0107606
  0.997471 0.00126411 0.00126381 1.3644e-06
   0.970803   0.0145361   0.0145358 0.000124871
   0.987206  0.00638402  0.00638114 2.86825e-05
   0.999253 0.000373382 0.000373333 1.27891e-07
   0.969502   0.0151818   0.0151818 0.000134676
    0.96082   0.0194853   0.0194876 0.000206844
   0.991029  0.00447913  0.00447736 1.49357e-05
 0.0171452   0.489044   0.489044 0.00476653
1.12662e-10    0.500001    0.499999 2.39357e-11
   0.999124 0.000437749 0.000437686 1.74542e-07
   0.996441  0.00177854  0.00177806 2.62345e-06
   0.974088   0.0129061    0.012905 0.000101413
    0.99953 0.000234818 0.000234793  5.1489e-08
  0.538113   0.226411   0.226446 0.00902967
   0.957425   0.0211669   0.0211701 0.000238004
  0.103611   0.443319   0.443328 0.00974176
0.00754265   0.494746   0.494745 0.00296631
   0.984287  0.00783699  0.00783424 4.16455e-05
0.00166768   0.498657   0.498657 0.00101751
   0.988595  0.00569191  0.00568946 2.32443e-05
  0.965376  0.0172279  0.0172289 0.00016756
 0.166854  0.411209  0.411226 0.0107114
   0.996938  0.00153015  0.00152976 1.96805e-06
   0.997622  0.00118846  0.00118819 1.21173e-06
 0.0370856   0.478023   0.478022 0.00686896
  0.940746  0.0294168  0.0294256 0.00041121
   0.999122 0.000438819 0.000438756 1.75376e-07
5.96931e-13         0.5         0.5 5.77249e-13
0.000951251      0.4992      0.4992 0.000647769
0.00847127    0.49417    0.49417 0.00318807
  0.970499  0.0146872   0.014687 0.00012714
   0.988217  0.00588026  0.00587769 2.46755e-05
8.39142e-05    0.499921    0.499921 7.42571e-05
   0.991865  0.00406209  0.00406055 1.24554e-05
   0.992095  0.00394722  0.00394574 1.18074e-05
   0.988728  0.00562574  0.00562332 2.27502e-05
   0.945539   0.0270476   0.0270547 0.000358313
 6.7677e-10    0.499993    0.500007 2.35214e-10
   0.995586   0.0022052  0.00220455 3.94938e-06
   0.982115  0.00891749  0.00891502 5.25676e-05
   0.981567  0.00919006  0.00918767 5.54876e-05
 0.432328  0.278753  0.278786 0.0101335
   0.998915 0.000542558 0.000542472 2.65324e-07
  0.891969   0.053482  0.0534996 0.00104903
          1 2.42088e-07 2.42089e-07 5.84791e-14
 5.4574e-10    0.500004    0.499996 1.06464e-10
 0.034045  0.479666  0.479666 0.0066231
   0.999995 2.41749e-06 2.41747e-06 5.80377e-12
   0.972571    0.013659   0.0136583 0.000112014
   0.954695   0.0225182   0.0225223 0.000264148
    0.98839  0.00579432  0.00579181 2.40179e-05
   0.999456 0.000271767 0.000271736 6.86121e-08
   0.992375  0.00380752  0.00380611 1.10402e-05
 0.0545631   0.468723   0.468724 0.00799014
     0.9944  0.00279748  0.00279656 6.19306e-06
  0.015468    0.49001    0.49001 0.00451237
   0.950407   0.0246405   0.0246459 0.000307065
   0.991054  0.00446669  0.00446494 1.48589e-05
   0.988922  0.00552912  0.00552676 2.20371e-05
   0.957947   0.0209085   0.0209116 0.000233116
  0.955812  0.0219655  0.0219692 0.00025334
   0.959283    0.020247   0.0202497 0.000220764
   0.975608   0.0121511   0.0121498 9.12046e-05
   0.964018    0.017901   0.0179024 0.000178956
   0.992271  0.00385952  0.00385808 1.13231e-05
   0.999807 9.65382e-05 9.65315e-05 8.91859e-09
   0.995051  0.00247263  0.00247186 4.90565e-06
    0.99794  0.00102962   0.0010294 9.19097e-07
    0.95467   0.0225308   0.0225349 0.000264395
   0.947578   0.0260396    0.026046 0.000336534
0.00336029   0.497459   0.497459   0.001721
 0.0924421   0.449048   0.449055 0.00945454
   0.999622 0.000188956 0.000188938 3.35757e-08
   0.972105   0.0138902   0.0138896 0.000115351
   0.998898 0.000551044 0.000550956 2.73469e-07
0.00987865   0.493311   0.493311 0.00349862
    0.99542    0.002288  0.00228732 4.23533e-06
   0.983979  0.00799039  0.00798767 4.31313e-05
   0.932704   0.0333894   0.0334014 0.000504858
1.62193e-13         0.5         0.5 7.17066e-14
7.86171e-12         0.5         0.5 3.41473e-12
   0.960032   0.0198758   0.0198783 0.000213939
   0.974348   0.0127765   0.0127754 9.96311e-05
    0.99976 0.000119915 0.000119906 1.36919e-08
   0.969314   0.0152752   0.0152752 0.000136117
   0.993807  0.00309318  0.00309213 7.48202e-06
   0.989454  0.00526406  0.00526185 2.01316e-05
   0.963727   0.0180452   0.0180467 0.000181432
    0.95692   0.0214167   0.0214201 0.000242766
1.83611e-08    0.499967    0.500033 4.29444e-10
 0.228975  0.379987   0.38001 0.0110281
   0.988159  0.00590933  0.00590674 2.48996e-05
      0.998 0.000999554 0.000999345 8.68004e-07
 0.0083833   0.494225   0.494224 0.00316768
    0.92745   0.0359834   0.0359977 0.000569028
   0.987973  0.00600213  0.00599949 2.56211e-05
0.00550181    0.49604   0.496039 0.00241929
0.00313672   0.497613   0.497613 0.00163776
    0.99219  0.00390002  0.00389857 1.15457e-05
9.25498e-14         0.5         0.5 1.53277e-13
  0.891969   0.053482  0.0534996 0.00104903
   0.944435   0.0275935   0.0276011 0.000370293
   0.966749    0.016547   0.0165477 0.000156319
 0.963613 0.0181014 0.0181028 0.0001824
7.29889e-13         0.5         0.5 6.70206e-13
 0.905275 0.0469225 0.0469413  0.000861
0.00204458   0.498382   0.498382 0.00119108
0.00491565  0.0910525  0.0909933   0.813039
3.29779e-09         0.5         0.5 1.58014e-10
   0.964559   0.0176327   0.0176339 0.000174379
 0.386115  0.301674  0.301706 0.0105056
5.26219e-12         0.5         0.5 2.86835e-12
   0.966959   0.0164427   0.0164433 0.000154622
8.29083e-11    0.500001    0.499999 1.95912e-11
    0.98698  0.00649674   0.0064938 2.96144e-05
   0.970647   0.0146135   0.0146132 0.000126032
   0.997638  0.00118045  0.00118019 1.19608e-06
   0.966394   0.0167232   0.0167239 0.000159199
   0.951202   0.0242472   0.0242524 0.000298946
   0.962913   0.0184485   0.0184501 0.000188425
   0.966454   0.0166935   0.0166942 0.000158712
   0.909642    0.044769   0.0447879 0.000801152
  0.974711  0.0125967  0.0125956 9.7179e-05
   0.95549  0.0221249  0.0221287 0.00025644
   0.913104   0.0430613   0.0430802 0.000754448
1.57781e-10    0.500001    0.499999 2.96631e-11
0.00176867   0.498583   0.498583 0.00106521
   0.984238  0.00786126  0.00785851 4.18791e-05
   0.984427  0.00776751  0.00776474 4.09797e-05
   0.999789 0.000105516 0.000105508 1.06332e-08
   0.999048 0.000309836 0.000309572 0.000332696
0.00822557   0.494322   0.494322 0.00313081
  0.834997  0.0802646  0.0802927 0.00444603
    0.95732   0.0212191   0.0212224 0.000238997
   0.998722 0.000638926 0.000638817  3.6473e-07
  0.891969   0.053482  0.0534996 0.00104903
5.55159e-10    0.500004    0.499996 6.14723e-11
   0.999863 6.83515e-05 6.83475e-05 4.50212e-09
    0.92406   0.0376563    0.037672 0.000611558
0.00707192    0.49504    0.49504 0.00284799
1.08622e-11         0.5         0.5 4.81931e-12
   0.987931  0.00602277  0.00602012 2.57828e-05
   0.991152  0.00441753   0.0044158 1.45568e-05
 0.961612 0.0190929  0.019095 0.0001998
 0.0125665   0.491705   0.491705 0.00402323
  0.891969   0.053482  0.0534996 0.00104903
   0.946079   0.0267808   0.0267877 0.000352504
7.78117e-10    0.500005    0.499995 7.36473e-11
   0.989716  0.00513362  0.00513149 1.92215e-05
   0.999957 2.15614e-05 2.15607e-05  4.5532e-10
   0.987736  0.00612009  0.00611738 2.65509e-05
   0.998835  0.00058263 0.000582535 3.04822e-07
   0.970628    0.014623   0.0146227 0.000126174
0.0781482   0.45642  0.456425 0.0090072
   0.99334 0.00332627 0.00332511 8.5749e-06
   0.996715  0.00164159  0.00164116 2.25128e-06
   0.997259   0.0013697  0.00136937 1.59164e-06
   0.970074   0.0148981   0.0148979 0.000130332
   0.966323    0.016758   0.0167588 0.000159771
3.00009e-09    0.500006    0.499994 8.20945e-11
   0.964479   0.0176724   0.0176736 0.000175054
2.14049e-10    0.499996    0.500004 2.04914e-10
    0.97417   0.0128651    0.012864 0.000100848
   0.999646 0.000177076  0.00017706 2.95443e-08
   0.987398  0.00628859  0.00628578 2.79037e-05
 0.0107877   0.492764   0.492763 0.00368514
1.57459e-11         0.5         0.5 5.82152e-12
   0.938557   0.0304988   0.0305084 0.000436126
2.00487e-13         0.5         0.5 9.48423e-14
 0.0161929   0.489591   0.489591 0.00462451
   0.931976   0.0337491   0.0337614 0.000513623
3.93914e-11         0.5         0.5 1.18648e-11
   0.990125  0.00492941   0.0049274 1.78337e-05
   0.995452  0.00227211  0.00227143 4.17975e-06
   0.988153  0.00591219  0.00590961 2.49217e-05
3.92235e-10    0.500003    0.499997 5.07062e-11
   0.999991 4.50108e-06 4.50103e-06 2.00683e-11
   0.941131   0.0292267   0.0292354 0.000406881
 0.160953  0.414188  0.414204 0.0106553
   0.948573   0.0255472   0.0255533 0.000326061
0.000340274   0.0224617   0.0224508    0.954747
   0.990935  0.00452598  0.00452419 1.52266e-05
   0.992131  0.00392929  0.00392782 1.17077e-05
   0.999968 1.58489e-05 1.58484e-05 2.46745e-10
   0.998444 0.000777643 0.000777497 5.34096e-07
 6.1347e-09     0.49999     0.50001 2.57548e-10
0.00307791   0.497653   0.497653 0.00161546
   0.990818  0.00458427  0.00458245 1.55921e-05
 0.00119262    0.499014    0.499014 0.000779281
 6.1681e-13         0.5         0.5 5.91447e-13
    0.98795  0.00601365    0.006011 2.57112e-05
   0.995418   0.0022893  0.00228861 4.23989e-06
    0.98253  0.00871084  0.00870831 5.03974e-05
   0.988879  0.00555053  0.00554816 2.21943e-05
3.49738e-11         0.5         0.5 1.09334e-11
   0.925827   0.0367846   0.0367996 0.000589289
   0.996271  0.00186321   0.0018627 2.86667e-06
   0.969417   0.0152237   0.0152237 0.000135322
   0.998439 0.000780445 0.000780299 5.37833e-07
   0.921696   0.0388226   0.0388395 0.000641711
3.03532e-11         0.5         0.5 9.91423e-12
 0.0381652   0.477442   0.477441 0.00695182
   0.942872   0.0283662   0.0283743 0.000387466
   0.972218   0.0138342   0.0138336 0.000114539
   0.999738  0.00013098  0.00013097 1.62993e-08
   0.999993 3.39343e-06  3.3934e-06 1.14209e-11
   0.958984   0.0203948   0.0203976 0.000223503
 0.00161064      0.4987      0.4987 0.000990146
   0.90462  0.0472457  0.0472645 0.00087007
1.03712e-08    0.499968    0.500032 4.27371e-10
   0.930333   0.0345604   0.0345734 0.000533548
    0.98666  0.00665593  0.00665295 3.09519e-05
  0.959612  0.0200841  0.0200867 0.00021776
  0.995187 0.00240454  0.0024038 4.6532e-06
     0.9847  0.00763178  0.00762898 3.96921e-05
1.11376e-11         0.5         0.5 4.47557e-12
   0.999733 0.000133475 0.000133464 1.69179e-08
   0.998655 0.000672369 0.000672252 4.02746e-07
   0.997075  0.00146171  0.00146134 1.80293e-06
   0.937715   0.0309144   0.0309244 0.000445818
2.99986e-09    0.500006    0.499994  8.2144e-11
 0.0125028   0.491743   0.491743 0.00401168
   0.957861   0.0209508   0.0209539 0.000233913
   0.981379  0.00928354  0.00928117 5.65039e-05
   0.977149   0.0113858   0.0113841 8.12977e-05
   0.997887  0.00105595  0.00105572 9.64964e-07
  0.962173  0.0188153  0.0188172 0.00019487
  0.064068   0.463739   0.463742 0.00845176
3.34697e-09         0.5         0.5 1.61556e-10
   0.959484   0.0201474     0.02015 0.000218925
1.11782e-05  0.00371637   0.0037153    0.992557
    0.99981  9.4848e-05 9.48415e-05 8.61234e-09
   0.999607 0.000196388 0.000196369 3.62255e-08
   0.992283  0.00385346  0.00385203 1.12899e-05
   0.997794  0.00110246  0.00110222 1.04856e-06
    0.96479   0.0175182   0.0175194 0.000172441
   0.926463   0.0364706   0.0364853 0.000581324
   0.987085  0.00644447  0.00644157 2.91807e-05
 0.125742  0.432029  0.432041 0.0101881
   0.976056   0.0119287   0.0119273 8.82788e-05
6.67699e-05    0.499937    0.499937 5.98495e-05
   0.988965  0.00550773  0.00550538 2.18806e-05
   0.946239   0.0267017   0.0267086 0.000350788
    0.99355   0.0032216  0.00322049 8.07585e-06
   0.999913 4.34292e-05 4.34272e-05 1.83123e-09
   0.990417   0.0047842  0.00478227 1.68745e-05
   0.990499  0.00474333  0.00474142 1.66088e-05
   0.989715  0.00513407  0.00513194 1.92246e-05
   0.999916 4.21414e-05 4.21395e-05   1.725e-09
   0.972874   0.0135085   0.0135077 0.000109862
    0.99675  0.00162394  0.00162352 2.20524e-06
   0.951545   0.0240773   0.0240824 0.000295462
   0.966389   0.0167257   0.0167265 0.000159241
   0.968055   0.0158995   0.0158999 0.000145902
8.29939e-10    0.500005    0.499995 7.60492e-11
   0.999329 0.000335376 0.000335334 1.03644e-07
0.00363149   0.497275   0.497275 0.00181887
 0.00027879    0.499748    0.499748 0.000224318
   0.969852   0.0150082   0.0150081 0.000132011
   0.988336  0.00582133   0.0058188 2.42237e-05
   0.996315  0.00184129  0.00184079 2.80274e-06
   0.961834   0.0189833   0.0189853 0.000197847
  0.968407   0.015725  0.0157252 0.00014314
 1.4632e-12         0.5         0.5 1.12376e-12
 0.0217866   0.486414   0.486414 0.00538572
   0.998927 0.000536654 0.000536569 2.59728e-07
1.82371e-11         0.5         0.5  6.9494e-12
  0.549654    0.22071   0.220745 0.00889074
   0.975016   0.0124449   0.0124437 9.51267e-05
   0.971974    0.013955   0.0139545 0.000116293
   0.970202   0.0148343   0.0148341 0.000129363
   0.973272   0.0133109     0.01331 0.000107061
   0.999566 0.000217099 0.000217077 4.41273e-08
0.00835852    0.49424    0.49424 0.00316191
 0.0332668   0.480088   0.480088 0.00655699
0.00326879   0.497522   0.497522 0.00168722
   0.962966   0.0184223    0.018424 0.000187968
3.78095e-09    0.499998    0.500002 1.85836e-10
   0.990783   0.0046016  0.00459977 1.57015e-05
   0.998612 0.000693651 0.000693528 4.27873e-07
3.00535e-11         0.5         0.5 9.37865e-12
   0.967534   0.0161579   0.0161583 0.000150026
 4.6125e-07 0.000716134 0.000716022    0.998567
   0.995628  0.00218415   0.0021835 3.87815e-06
   0.996464  0.00176692  0.00176645 2.59084e-06
   0.993877   0.0030582  0.00305717 7.32382e-06
   0.978004   0.0109611   0.0109593 7.59981e-05
    0.94831   0.0256773   0.0256835 0.000328817
   0.958474   0.0206476   0.0206505 0.000228216
   0.953378   0.0231704   0.0231749 0.000277099
 5.2286e-11    0.500001    0.499999 1.39146e-11
   0.906383   0.0463762   0.0463951 0.000845722
 0.0396433   0.476648   0.476647 0.00706179
  0.994241 0.00287649 0.00287554 6.5267e-06
    0.98108  0.00943215  0.00942983 5.81353e-05
   0.934708   0.0323999   0.0324111 0.000480988
   0.999756  0.00012214  0.00012213 1.41982e-08
0.00290495   0.497773   0.497773 0.00154883
   0.983786   0.0080861  0.00808341 4.40694e-05
   0.999328 0.000335915 0.000335873  1.0397e-07
   0.948588     0.02554   0.0255461 0.000325909
   0.989456  0.00526314  0.00526094 2.01252e-05
   0.999991 4.50108e-06 4.50103e-06 2.00683e-11
   0.999085 0.000457674 0.000457607 1.90394e-07
    0.97341   0.0132425   0.0132416 0.000106099
   0.995561    0.002218  0.00221734 3.99299e-06
  0.938598  0.0304782  0.0304879 0.00043565
   0.980606  0.00966774  0.00966549 6.07601e-05
   0.904192   0.0474565   0.0474753 0.000875998
   0.974578   0.0126625   0.0126613 9.80729e-05
   0.910027   0.0445791    0.044598 0.000795924
   0.925621   0.0368863   0.0369013 0.000591874
   0.988699  0.00564026  0.00563784 2.28583e-05
    0.92781   0.0358056   0.0358197 0.000564559
   0.967693   0.0160789   0.0160794 0.000148762
  0.034879   0.479215   0.479214 0.00669246
0.0259643  0.484088  0.484087 0.0058609
   0.994627  0.00268417  0.00268331 5.72857e-06
   0.980004  0.00996714  0.00996499 6.41641e-05
   0.920411   0.0394565    0.039474 0.000658264
   0.997611  0.00119405  0.00119378 1.22273e-06
6.09373e-12         0.5         0.5 3.18816e-12
3.82375e-09    0.499998    0.500002 1.87803e-10
   0.989406  0.00528782  0.00528561 2.02994e-05
   0.999665 0.000167397 0.000167382 2.64462e-08
0.00271794   0.497904   0.497904 0.00147497
   0.994473  0.00276113  0.00276023 6.04227e-06
   0.908808   0.0451802   0.0451992 0.000812501
  0.933348  0.0330714  0.0330831 0.00049715
5.51463e-12         0.5         0.5 2.57393e-12
